Item Level	Armor Multiplier	Weapon Multiplier	Trinket Multiplier	Jewelry Multiplier
1	1	1	1	1
2	1	1	1	1
3	1	1	1	1
4	1	1	1	1
5	1	1	1	1
6	1	1	1	1
7	1	1	1	1
8	1	1	1	1
9	1	1	1	1
10	1	1	1	1
11	1	1	1	1
12	1	1	1	1
13	1	1	1	1
14	1	1	1	1
15	1	1	1	1
16	1	1	1	1
17	1	1	1	1
18	1	1	1	1
19	1	1	1	1
20	1	1	1	1
21	1	1	1	1
22	1	1	1	1
23	1	1	1	1
24	1	1	1	1
25	1	1	1	1
26	1	1	1	1
27	1	1	1	1
28	1	1	1	1
29	1	1	1	1
30	1	1	1	1
31	1	1	1	1
32	1	1	1	1
33	1	1	1	1
34	1	1	1	1
35	1	1	1	1
36	1	1	1	1
37	1	1	1	1
38	1	1	1	1
39	1	1	1	1
40	1	1	1	1
41	1	1	1	1
42	1	1	1	1
43	1	1	1	1
44	1	1	1	1
45	1	1	1	1
46	1	1	1	1
47	1	1	1	1
48	1	1	1	1
49	1	1	1	1
50	1	1	1	1
51	1	1	1	1
52	1	1	1	1
53	1	1	1	1
54	1	1	1	1
55	1	1	1	1
56	1	1	1	1
57	1	1	1	1
58	1	1	1	1
59	1	1	1	1
60	1	1	1	1
61	1	1	1	1
62	1	1	1	1
63	1	1	1	1
64	1	1	1	1
65	1	1	1	1
66	1	1	1	1
67	1	1	1	1
68	1	1	1	1
69	1	1	1	1
70	1	1	1	1
71	1	1	1	1
72	1	1	1	1
73	1	1	1	1
74	1	1	1	1
75	1	1	1	1
76	1	1	1	1
77	1	1	1	1
78	1	1	1	1
79	1	1	1	1
80	1	1	1	1
81	1	1	1	1
82	1	1	1	1
83	1	1	1	1
84	1	1	1	1
85	1	1	1	1
86	1	1	1	1
87	1	1	1	1
88	1	1	1	1
89	1	1	1	1
90	1	1	1	1
91	1	1	1	1
92	1	1	1	1
93	1	1	1	1
94	1	1	1	1
95	1	1	1	1
96	1	1	1	1
97	1	1	1	1
98	1	1	1	1
99	1	1	1	1
100	1	1	1	1
101	1	1	1	1
102	1	1	1	1
103	1	1	1	1
104	1	1	1	1
105	1	1	1	1
106	1	1	1	1
107	1	1	1	1
108	1	1	1	1
109	1	1	1	1
110	1	1	1	1
111	1	1	1	1
112	1	1	1	1
113	1	1	1	1
114	1	1	1	1
115	1	1	1	1
116	1	1	1	1
117	1	1	1	1
118	1	1	1	1
119	1	1	1	1
120	1	1	1	1
121	1	1	1	1
122	1	1	1	1
123	1	1	1	1
124	1	1	1	1
125	1	1	1	1
126	1	1	1	1
127	1	1	1	1
128	1	1	1	1
129	1	1	1	1
130	1	1	1	1
131	1	1	1	1
132	1	1	1	1
133	1	1	1	1
134	1	1	1	1
135	1	1	1	1
136	1	1	1	1
137	1	1	1	1
138	1	1	1	1
139	1	1	1	1
140	1	1	1	1
141	1	1	1	1
142	1	1	1	1
143	1	1	1	1
144	1	1	1	1
145	1	1	1	1
146	1	1	1	1
147	1	1	1	1
148	1	1	1	1
149	1	1	1	1
150	1	1	1	1
151	1	1	1	1
152	1	1	1	1
153	1	1	1	1
154	1	1	1	1
155	1	1	1	1
156	1	1	1	1
157	1	1	1	1
158	1	1	1	1
159	1	1	1	1
160	1	1	1	1
161	0.994435486	0.994435486	0.994435486	0.996754034
162	0.992604783	0.992604783	0.992604783	0.99956382
163	0.994487319	0.994487319	0.994487319	1.008480671
164	0.99265652	0.99265652	0.99265652	1.011323514
165	0.994539154	0.994539154	0.994539154	1.020345271
166	0.99270826	0.99270826	0.99270826	1.02322156
167	0.994590992	0.994590992	0.994590992	1.032349456
168	0.992760002	0.992760002	0.992760002	1.035259583
169	0.994642833	0.994642833	0.994642833	1.044494867
170	0.992811747	0.992811747	0.992811747	1.047439232
171	0.994694676	0.994694676	0.994694676	1.056783168
172	0.992863495	0.992863495	0.992863495	1.059762172
173	0.994746522	0.994746522	0.994746522	1.069216038
174	0.992915246	0.992915246	0.992915246	1.07223009
175	0.994798371	0.994798371	0.994798371	1.081795178
176	0.992966999	0.992966999	0.992966999	1.08484469
177	0.994850222	0.994850222	0.994850222	1.09452231
178	0.993018755	0.993018755	0.993018755	1.097607699
179	0.994902077	0.994902077	0.994902077	1.107399175
180	0.993070514	0.993070514	0.993070514	1.110520863
181	0.994953934	0.994953934	0.994953934	1.120427534
182	0.993122276	0.993122276	0.993122276	1.123585948
183	0.995005793	0.995005793	0.995005793	1.133609169
184	0.99317404	0.99317404	0.99317404	1.136804741
185	0.995057655	0.995057655	0.995057655	1.146945883
186	0.993225807	0.993225807	0.993225807	1.150179051
187	0.99510952	0.99510952	0.99510952	1.160439502
188	0.993277576	0.993277576	0.993277576	1.163710707
189	0.995161388	0.995161388	0.995161388	1.174091871
190	0.993329348	0.993329348	0.993329348	1.177401561
191	0.995213259	0.995213259	0.995213259	1.187904857
192	0.993381123	0.993381123	0.993381123	1.191253486
193	0.995265132	0.995265132	0.995265132	1.201880351
194	0.993432901	0.993432901	0.993432901	1.205268376
195	0.991604043	0.991604043	0.991604043	1.208665951
196	0.986086249	0.986086249	0.986086249	1.204742662
197	0.980599158	0.980599158	0.980599158	1.200832108
198	0.9751426	0.9751426	0.9751426	1.196934247
199	0.969716406	0.969716406	0.969716406	1.193049039
200	0.964320406	0.964320406	0.964320406	1.189176441
201	0.958954431	0.958954431	0.958954431	1.185316415
202	0.953618316	0.953618316	0.953618316	1.181468917
203	0.948311894	0.948311894	0.948311894	1.177633909
204	0.943034999	0.943034999	0.943034999	1.173811349
205	0.937787468	0.937787468	0.937787468	1.170001197
206	0.932569136	0.932569136	0.932569136	1.166203412
207	0.927379842	0.927379842	0.927379842	1.162417955
208	0.922219425	0.922219425	0.922219425	1.158644785
209	0.917087722	0.917087722	0.917087722	1.154883863
210	0.911984574	0.911984574	0.911984574	1.151135149
211	0.906909824	0.906909824	0.906909824	1.147398603
212	0.901863311	0.901863311	0.901863311	1.143674186
213	0.89684488	0.89684488	0.89684488	1.139961858
214	0.891854375	0.891854375	0.891854375	1.13626158
215	0.886891639	0.886891639	0.886891639	1.132573313
216	0.881956518	0.881956518	0.881956518	1.128897018
217	0.877048859	0.877048859	0.877048859	1.125232656
218	0.872168508	0.872168508	0.872168508	1.121580189
219	0.867315314	0.867315314	0.867315314	1.117939577
220	0.862489126	0.862489126	0.862489126	1.114310783
221	0.857689793	0.857689793	0.857689793	1.110693767
222	0.852917167	0.852917167	0.852917167	1.107088493
223	0.848171097	0.848171097	0.848171097	1.10349492
224	0.843451437	0.843451437	0.843451437	1.099913013
225	0.83875804	0.83875804	0.83875804	1.096342732
226	0.83409076	0.83409076	0.83409076	1.092784041
227	0.82944945	0.82944945	0.82944945	1.0892369
228	0.824833967	0.824833967	0.824833967	1.085701274
229	0.820244167	0.820244167	0.820244167	1.082177124
230	0.815679907	0.815679907	0.815679907	1.078664413
231	0.811141045	0.811141045	0.811141045	1.075163105
232	0.806627439	0.806627439	0.806627439	1.071673162
233	0.80213895	0.80213895	0.80213895	1.068194547
234	0.797675436	0.797675436	0.797675436	1.064727223
235	0.79323676	0.79323676	0.79323676	1.061271154
236	0.788822783	0.788822783	0.788822783	1.057826304
237	0.784433368	0.784433368	0.784433368	1.054392635
238	0.780068378	0.780068378	0.780068378	1.050970112
239	0.775727676	0.775727676	0.775727676	1.047558698
240	0.771411129	0.771411129	0.771411129	1.044158358
241	0.767118601	0.767118601	0.767118601	1.040769055
242	0.762849959	0.762849959	0.762849959	1.037390753
243	0.75860507	0.75860507	0.75860507	1.034023418
244	0.754383801	0.754383801	0.754383801	1.030667013
245	0.750186022	0.750186022	0.750186022	1.027321502
246	0.746011602	0.746011602	0.746011602	1.023986851
247	0.74186041	0.74186041	0.74186041	1.020663024
248	0.737732317	0.737732317	0.737732317	1.017349986
249	0.733627196	0.733627196	0.733627196	1.014047702
250	0.729544917	0.729544917	0.729544917	1.010756137
251	0.725485354	0.725485354	0.725485354	1.007475257
252	0.721448381	0.721448381	0.721448381	1.004205026
253	0.717433871	0.717433871	0.717433871	1.00094541
254	0.7134417	0.7134417	0.7134417	0.997696375
255	0.709471744	0.709471744	0.709471744	0.994457886
256	0.705523879	0.705523879	0.705523879	0.991229909
257	0.701597981	0.701597981	0.701597981	0.98801241
258	0.69769393	0.69769393	0.69769393	0.984805355
259	0.693811602	0.693811602	0.693811602	0.98160871
260	0.689950878	0.689950878	0.689950878	0.978422441
261	0.686111637	0.686111637	0.686111637	0.975246515
262	0.682293759	0.682293759	0.682293759	0.972080897
263	0.678497126	0.678497126	0.678497126	0.968925555
264	0.674721619	0.674721619	0.674721619	0.965780456
265	0.670967121	0.670967121	0.670967121	0.962645565
266	0.674618275	0.674618275	0.674618275	0.964080124
267	0.678289297	0.678289297	0.678289297	0.96551682
268	0.681980296	0.681980296	0.681980296	0.966955658
269	0.685691379	0.685691379	0.685691379	0.96839664
270	0.689422657	0.689422657	0.689422657	0.969839769
271	0.693174239	0.693174239	0.693174239	0.971285049
272	0.696946235	0.696946235	0.696946235	0.972732483
273	0.700738758	0.700738758	0.700738758	0.974182074
274	0.704551918	0.704551918	0.704551918	0.975633825
275	0.708385827	0.708385827	0.708385827	0.977087739
276	0.7122406	0.7122406	0.7122406	0.97854382
277	0.716116349	0.716116349	0.716116349	0.980002071
278	0.720013188	0.720013188	0.720013188	0.981462495
279	0.723931232	0.723931232	0.723931232	0.982925096
280	0.727870597	0.727870597	0.727870597	0.984389876
281	0.731831398	0.731831398	0.731831398	0.985856838
282	0.735813753	0.735813753	0.735813753	0.987325987
283	0.739817778	0.739817778	0.739817778	0.988797326
284	0.743843591	0.743843591	0.743843591	0.990270857
285	0.747891312	0.747891312	0.747891312	0.991746584
286	0.751961058	0.751961058	0.751961058	0.99322451
287	0.756052951	0.756052951	0.756052951	0.994704638
288	0.76016711	0.76016711	0.76016711	0.996186972
289	0.764303657	0.764303657	0.764303657	0.997671515
290	0.768462714	0.768462714	0.768462714	0.999158271
291	0.772644402	0.772644402	0.772644402	1.000647242
292	0.776848846	0.776848846	0.776848846	1.002138432
293	0.781076169	0.781076169	0.781076169	1.003631844
294	0.785326495	0.785326495	0.785326495	1.005127482
295	0.78959995	0.78959995	0.78959995	1.006625349
296	0.793896659	0.793896659	0.793896659	1.008125447
297	0.79821675	0.79821675	0.79821675	1.009627782
298	0.802560349	0.802560349	0.802560349	1.011132355
299	0.806927584	0.806927584	0.806927584	1.01263917
300	0.811318584	0.811318584	0.811318584	1.01414823
301	0.808817976	0.808817976	0.808817976	1.01102247
302	0.806293968	0.806293968	0.806293968	1.00786746
303	0.803747209	0.803747209	0.803747209	1.004684011
304	0.801178339	0.801178339	0.801178339	1.001472923
305	0.798587986	0.798587986	0.798587986	0.998234982
306	0.79597677	0.79597677	0.79597677	0.994970963
307	0.793345301	0.793345301	0.793345301	0.991681626
308	0.790694179	0.790694179	0.790694179	0.988367724
309	0.788023995	0.788023995	0.788023995	0.985029994
310	0.785335331	0.785335331	0.785335331	0.981669164
311	0.782628758	0.782628758	0.782628758	0.978285948
312	0.779904841	0.779904841	0.779904841	0.974881051
313	0.777164134	0.777164134	0.777164134	0.971455167
314	0.774407182	0.774407182	0.774407182	0.968008978
315	0.771634523	0.771634523	0.771634523	0.964543154
316	0.768846685	0.768846685	0.768846685	0.961058357
317	0.766044188	0.766044188	0.766044188	0.957555236
318	0.763227544	0.763227544	0.763227544	0.954034431
319	0.760397257	0.760397257	0.760397257	0.950496571
320	0.757553821	0.757553821	0.757553821	0.946942276
321	0.754697723	0.754697723	0.754697723	0.943372154
322	0.751829445	0.751829445	0.751829445	0.939786806
323	0.748949456	0.748949456	0.748949456	0.936186819
324	0.74605822	0.74605822	0.74605822	0.932572776
325	0.743156195	0.743156195	0.743156195	0.928945244
326	0.740243829	0.740243829	0.740243829	0.925304787
327	0.737321564	0.737321564	0.737321564	0.921651955
328	0.734389832	0.734389832	0.734389832	0.917987291
329	0.731449063	0.731449063	0.731449063	0.914311328
330	0.728499674	0.728499674	0.728499674	0.910624593
331	0.725542079	0.725542079	0.725542079	0.906927599
332	0.722576685	0.722576685	0.722576685	0.903220856
333	0.719603889	0.719603889	0.719603889	0.899504861
334	0.716624085	0.716624085	0.716624085	0.895780106
335	0.713637657	0.713637657	0.713637657	0.892047071
336	0.710644986	0.710644986	0.710644986	0.888306232
337	0.707646443	0.707646443	0.707646443	0.884558054
338	0.704642396	0.704642396	0.704642396	0.880802995
339	0.701633203	0.701633203	0.701633203	0.877041504
340	0.69861922	0.69861922	0.69861922	0.873274025
341	0.695600793	0.695600793	0.695600793	0.869500992
342	0.692578265	0.692578265	0.692578265	0.865722831
343	0.68955197	0.68955197	0.68955197	0.861939963
344	0.68652224	0.68652224	0.68652224	0.8581528
345	0.683489397	0.683489397	0.683489397	0.854361746
346	0.68045376	0.68045376	0.68045376	0.8505672
347	0.677415642	0.677415642	0.677415642	0.846769552
348	0.67437535	0.67437535	0.67437535	0.842969187
349	0.671333185	0.671333185	0.671333185	0.839166482
350	0.668289445	0.668289445	0.668289445	0.835361806
351	0.665244419	0.665244419	0.665244419	0.831555523
352	0.662198393	0.662198393	0.662198393	0.827747991
353	0.659151648	0.659151648	0.659151648	0.82393956
354	0.656104459	0.656104459	0.656104459	0.820130574
355	0.653057097	0.653057097	0.653057097	0.816321371
356	0.650009826	0.650009826	0.650009826	0.812512283
357	0.646962908	0.646962908	0.646962908	0.808703635
358	0.643916597	0.643916597	0.643916597	0.804895746
359	0.640871144	0.640871144	0.640871144	0.80108893
360	0.637826796	0.637826796	0.637826796	0.797283496
361	0.634783795	0.634783795	0.634783795	0.793479743
362	0.631742376	0.631742376	0.631742376	0.78967797
363	0.628702772	0.628702772	0.628702772	0.785878465
364	0.625665211	0.625665211	0.625665211	0.782081514
365	0.622629917	0.622629917	0.622629917	0.778287397
366	0.61959711	0.61959711	0.61959711	0.774496387
367	0.616567003	0.616567003	0.616567003	0.770708753
368	0.613539807	0.613539807	0.613539807	0.766924759
369	0.61051573	0.61051573	0.61051573	0.763144663
370	0.607494974	0.607494974	0.607494974	0.759368718
371	0.604477737	0.604477737	0.604477737	0.755597171
372	0.601464214	0.601464214	0.601464214	0.751830268
373	0.598454595	0.598454595	0.598454595	0.748068244
374	0.595449068	0.595449068	0.595449068	0.744311335
375	0.592447815	0.592447815	0.592447815	0.740559769
376	0.589451015	0.589451015	0.589451015	0.736813769
377	0.586458845	0.586458845	0.586458845	0.733073556
378	0.583471475	0.583471475	0.583471475	0.729339343
379	0.580489074	0.580489074	0.580489074	0.725611343
380	0.577511808	0.577511808	0.577511808	0.721889759
381	0.574539836	0.574539836	0.574539836	0.718174795
382	0.571573318	0.571573318	0.571573318	0.714466647
383	0.568612407	0.568612407	0.568612407	0.710765509
384	0.565657255	0.565657255	0.565657255	0.707071569
385	0.56270801	0.56270801	0.56270801	0.703385012
386	0.559764816	0.559764816	0.559764816	0.69970602
387	0.556827814	0.556827814	0.556827814	0.696034768
388	0.553897144	0.553897144	0.553897144	0.69237143
389	0.550972939	0.550972939	0.550972939	0.688716174
390	0.548055333	0.548055333	0.548055333	0.685069166
391	0.545144454	0.545144454	0.545144454	0.681430568
392	0.542240429	0.542240429	0.542240429	0.677800536
393	0.53934338	0.53934338	0.53934338	0.674179225
394	0.536453429	0.536453429	0.536453429	0.670566786
395	0.533570692	0.533570692	0.533570692	0.666963365
396	0.530695284	0.530695284	0.530695284	0.663369105
397	0.527827318	0.527827318	0.527827318	0.659784148
398	0.524966903	0.524966903	0.524966903	0.656208629
399	0.522114145	0.522114145	0.522114145	0.652642681
400	0.519269148	0.519269148	0.519269148	0.649086436
401	0.516432015	0.516432015	0.516432015	0.645540018
402	0.513602842	0.513602842	0.513602842	0.642003553
403	0.510781728	0.510781728	0.510781728	0.63847716
404	0.507968765	0.507968765	0.507968765	0.634960957
405	0.505164046	0.505164046	0.505164046	0.631455058
406	0.502367659	0.502367659	0.502367659	0.627959574
407	0.499579691	0.499579691	0.499579691	0.624474614
408	0.496800226	0.496800226	0.496800226	0.621000283
409	0.494029347	0.494029347	0.494029347	0.617536684
410	0.491267133	0.491267133	0.491267133	0.614083916
411	0.488513662	0.488513662	0.488513662	0.610642077
412	0.485769009	0.485769009	0.485769009	0.607211261
413	0.483033248	0.483033248	0.483033248	0.603791559
414	0.480306449	0.480306449	0.480306449	0.600383061
415	0.477588682	0.477588682	0.477588682	0.596985852
416	0.474880013	0.474880013	0.474880013	0.593600017
417	0.472180509	0.472180509	0.472180509	0.590225636
418	0.469490231	0.469490231	0.469490231	0.586862789
419	0.466809241	0.466809241	0.466809241	0.583511551
420	0.464137598	0.464137598	0.464137598	0.580171997
421	0.461475359	0.461475359	0.461475359	0.576844198
422	0.458822579	0.458822579	0.458822579	0.573528224
423	0.456179312	0.456179312	0.456179312	0.57022414
424	0.45354561	0.45354561	0.45354561	0.566932013
425	0.450921523	0.450921523	0.450921523	0.563651904
426	0.448307099	0.448307099	0.448307099	0.560383873
427	0.445702384	0.445702384	0.445702384	0.557127979
428	0.443107422	0.443107422	0.443107422	0.553884278
429	0.440522259	0.440522259	0.440522259	0.550652823
430	0.437946933	0.437946933	0.437946933	0.547433667
431	0.435381487	0.435381487	0.435381487	0.544226858
432	0.432825957	0.432825957	0.432825957	0.541032446
433	0.430280381	0.430280381	0.430280381	0.537850476
434	0.427744793	0.427744793	0.427744793	0.534680991
435	0.425219228	0.425219228	0.425219228	0.531524035
436	0.422703717	0.422703717	0.422703717	0.528379646
437	0.420198292	0.420198292	0.420198292	0.525247864
438	0.417702981	0.417702981	0.417702981	0.522128726
439	0.415217812	0.415217812	0.415217812	0.519022265
440	0.412742813	0.412742813	0.412742813	0.515928516
441	0.410278008	0.410278008	0.410278008	0.512847509
442	0.40782342	0.40782342	0.40782342	0.509779275
443	0.405379073	0.405379073	0.405379073	0.506723841
444	0.402944988	0.402944988	0.402944988	0.503681234
445	0.400521184	0.400521184	0.400521184	0.500651479
446	0.39810768	0.39810768	0.39810768	0.497634599
447	0.395704493	0.395704493	0.395704493	0.494630616
448	0.39331164	0.39331164	0.39331164	0.49163955
449	0.390929136	0.390929136	0.390929136	0.488661421
450	0.388556995	0.388556995	0.388556995	0.485696244
451	0.386195229	0.386195229	0.386195229	0.482744036
452	0.38384385	0.38384385	0.38384385	0.479804812
453	0.381502868	0.381502868	0.381502868	0.476878585
454	0.379172293	0.379172293	0.379172293	0.473965367
455	0.376852134	0.376852134	0.376852134	0.471065167
456	0.374542396	0.374542396	0.374542396	0.468177995
457	0.372243087	0.372243087	0.372243087	0.465303859
458	0.369954212	0.369954212	0.369954212	0.462442765
459	0.367675775	0.367675775	0.367675775	0.459594719
460	0.36540778	0.36540778	0.36540778	0.456759725
461	0.363150228	0.363150228	0.363150228	0.453937785
462	0.360903121	0.360903121	0.360903121	0.451128901
463	0.358666459	0.358666459	0.358666459	0.448333074
464	0.356440243	0.356440243	0.356440243	0.445550303
465	0.35422447	0.35422447	0.35422447	0.442780587
466	0.352019138	0.352019138	0.352019138	0.440023922
467	0.349824245	0.349824245	0.349824245	0.437280306
468	0.347639786	0.347639786	0.347639786	0.434549732
469	0.345465756	0.345465756	0.345465756	0.431832195
470	0.343302151	0.343302151	0.343302151	0.429127688
471	0.341148963	0.341148963	0.341148963	0.426436204
472	0.339006186	0.339006186	0.339006186	0.423757732
473	0.336873811	0.336873811	0.336873811	0.421092264
474	0.33475183	0.33475183	0.33475183	0.418439788
475	0.332640234	0.332640234	0.332640234	0.415800293
476	0.330539013	0.330539013	0.330539013	0.413173766
477	0.328448155	0.328448155	0.328448155	0.410560193
478	0.326367649	0.326367649	0.326367649	0.407959561
479	0.324297483	0.324297483	0.324297483	0.405371854
480	0.322237645	0.322237645	0.322237645	0.402797056
481	0.32018812	0.32018812	0.32018812	0.400235149
482	0.318148894	0.318148894	0.318148894	0.397686118
483	0.316119953	0.316119953	0.316119953	0.395149942
484	0.314101282	0.314101282	0.314101282	0.392626603
485	0.312092864	0.312092864	0.312092864	0.39011608
486	0.310094683	0.310094683	0.310094683	0.387618354
487	0.308106722	0.308106722	0.308106722	0.385133402
488	0.306128963	0.306128963	0.306128963	0.382661203
489	0.304161387	0.304161387	0.304161387	0.380201734
490	0.302203977	0.302203977	0.302203977	0.377754971
491	0.300256712	0.300256712	0.300256712	0.37532089
492	0.298319573	0.298319573	0.298319573	0.372899466
493	0.296392539	0.296392539	0.296392539	0.370490674
494	0.294475591	0.294475591	0.294475591	0.368094488
495	0.292568705	0.292568705	0.292568705	0.365710882
496	0.290671862	0.290671862	0.290671862	0.363339827
497	0.288785037	0.288785037	0.288785037	0.360981297
498	0.28690821	0.28690821	0.28690821	0.358635262
499	0.285041356	0.285041356	0.285041356	0.356301694
500	0.283184451	0.283184451	0.283184451	0.353980564
501	0.281608668	0.281608668	0.281608668	0.352831555
502	0.280041652	0.280041652	0.280041652	0.351686276
503	0.278483357	0.278483357	0.278483357	0.350544714
504	0.276933732	0.276933732	0.276933732	0.349406858
505	0.275392731	0.275392731	0.275392731	0.348272695
506	0.273860304	0.273860304	0.273860304	0.347142213
507	0.272336404	0.272336404	0.272336404	0.346015401
508	0.270820985	0.270820985	0.270820985	0.344892247
509	0.269313998	0.269313998	0.269313998	0.343772738
510	0.267815396	0.267815396	0.267815396	0.342656864
511	0.266325134	0.266325134	0.266325134	0.341544611
512	0.264843164	0.264843164	0.264843164	0.340435969
513	0.26336944	0.26336944	0.26336944	0.339330925
514	0.261903917	0.261903917	0.261903917	0.338229468
515	0.260446549	0.260446549	0.260446549	0.337131587
516	0.258997291	0.258997291	0.258997291	0.336037269
517	0.257556097	0.257556097	0.257556097	0.334946503
518	0.256122922	0.256122922	0.256122922	0.333859278
519	0.254697723	0.254697723	0.254697723	0.332775582
520	0.253280454	0.253280454	0.253280454	0.331695404
521	0.251871071	0.251871071	0.251871071	0.330618731
522	0.250469531	0.250469531	0.250469531	0.329545554
523	0.24907579	0.24907579	0.24907579	0.32847586
524	0.247689804	0.247689804	0.247689804	0.327409639
525	0.246311531	0.246311531	0.246311531	0.326346878
526	0.244940927	0.244940927	0.244940927	0.325287567
527	0.24357795	0.24357795	0.24357795	0.324231694
528	0.242222557	0.242222557	0.242222557	0.323179249
529	0.240874706	0.240874706	0.240874706	0.32213022
530	0.239534356	0.239534356	0.239534356	0.321084596
531	0.238201463	0.238201463	0.238201463	0.320042367
532	0.236875988	0.236875988	0.236875988	0.31900352
533	0.235557888	0.235557888	0.235557888	0.317968045
534	0.234247123	0.234247123	0.234247123	0.316935932
535	0.232943652	0.232943652	0.232943652	0.315907168
536	0.231647434	0.231647434	0.231647434	0.314881744
537	0.230358428	0.230358428	0.230358428	0.313859648
538	0.229076596	0.229076596	0.229076596	0.312840871
539	0.227801896	0.227801896	0.227801896	0.3118254
540	0.226534289	0.226534289	0.226534289	0.310813225
541	0.225273736	0.225273736	0.225273736	0.309804336
542	0.224020197	0.224020197	0.224020197	0.308798721
543	0.222773633	0.222773633	0.222773633	0.307796371
544	0.221534006	0.221534006	0.221534006	0.306797274
545	0.220301277	0.220301277	0.220301277	0.305801421
546	0.219075408	0.219075408	0.219075408	0.304808799
547	0.21785636	0.21785636	0.21785636	0.3038194
548	0.216644095	0.216644095	0.216644095	0.302833213
549	0.215438576	0.215438576	0.215438576	0.301850226
550	0.214239765	0.214239765	0.214239765	0.300870431
551	0.213047625	0.213047625	0.213047625	0.299893815
552	0.211862118	0.211862118	0.211862118	0.29892037
553	0.210683209	0.210683209	0.210683209	0.297950084
554	0.209510859	0.209510859	0.209510859	0.296982949
555	0.208345033	0.208345033	0.208345033	0.296018952
556	0.207185694	0.207185694	0.207185694	0.295058084
557	0.206032806	0.206032806	0.206032806	0.294100336
558	0.204886334	0.204886334	0.204886334	0.293145696
559	0.203746241	0.203746241	0.203746241	0.292194155
560	0.202612492	0.202612492	0.202612492	0.291245702
561	0.201485052	0.201485052	0.201485052	0.290300329
562	0.200363886	0.200363886	0.200363886	0.289358023
563	0.199248958	0.199248958	0.199248958	0.288418777
564	0.198140235	0.198140235	0.198140235	0.287482579
565	0.197037681	0.197037681	0.197037681	0.286549421
566	0.195941262	0.195941262	0.195941262	0.285619291
567	0.194850944	0.194850944	0.194850944	0.28469218
568	0.193766693	0.193766693	0.193766693	0.283768079
569	0.192688476	0.192688476	0.192688476	0.282846977
570	0.191616258	0.191616258	0.191616258	0.281928865
571	0.190550007	0.190550007	0.190550007	0.281013734
572	0.189489689	0.189489689	0.189489689	0.280101573
573	0.188435271	0.188435271	0.188435271	0.279192372
574	0.18738672	0.18738672	0.18738672	0.278286123
575	0.186344004	0.186344004	0.186344004	0.277382816
576	0.18530709	0.18530709	0.18530709	0.276482441
577	0.184275946	0.184275946	0.184275946	0.275584988
578	0.18325054	0.18325054	0.18325054	0.274690448
579	0.18223084	0.18223084	0.18223084	0.273798812
580	0.181216814	0.181216814	0.181216814	0.27291007
581	0.180208431	0.180208431	0.180208431	0.272024214
582	0.179205658	0.179205658	0.179205658	0.271141232
583	0.178208466	0.178208466	0.178208466	0.270261117
584	0.177216822	0.177216822	0.177216822	0.269383858
585	0.176230697	0.176230697	0.176230697	0.268509447
586	0.175250059	0.175250059	0.175250059	0.267637875
587	0.174274877	0.174274877	0.174274877	0.266769131
588	0.173305122	0.173305122	0.173305122	0.265903207
589	0.172340764	0.172340764	0.172340764	0.265040095
590	0.171381771	0.171381771	0.171381771	0.264179783
591	0.170428115	0.170428115	0.170428115	0.263322265
592	0.169479765	0.169479765	0.169479765	0.262467529
593	0.168536693	0.168536693	0.168536693	0.261615569
594	0.167598868	0.167598868	0.167598868	0.260766373
595	0.166666262	0.166666262	0.166666262	0.259919934
596	0.165738845	0.165738845	0.165738845	0.259076243
597	0.164816589	0.164816589	0.164816589	0.25823529
598	0.163899465	0.163899465	0.163899465	0.257397067
599	0.162987444	0.162987444	0.162987444	0.256561565
600	0.162080498	0.162080498	0.162080498	0.255728775
601	0.161178599	0.161178599	0.161178599	0.254898688
602	0.160281718	0.160281718	0.160281718	0.254071295
603	0.159389828	0.159389828	0.159389828	0.253246588
604	0.158502901	0.158502901	0.158502901	0.252424558
605	0.15762091	0.15762091	0.15762091	0.251605197
606	0.156743826	0.156743826	0.156743826	0.250788495
607	0.155871623	0.155871623	0.155871623	0.249974444
608	0.155004273	0.155004273	0.155004273	0.249163035
609	0.15414175	0.15414175	0.15414175	0.24835426
610	0.153284026	0.153284026	0.153284026	0.24754811
611	0.152431075	0.152431075	0.152431075	0.246744578
612	0.15158287	0.15158287	0.15158287	0.245943653
613	0.150739385	0.150739385	0.150739385	0.245145328
614	0.149900594	0.149900594	0.149900594	0.244349595
615	0.14906647	0.14906647	0.14906647	0.243556444
616	0.148236987	0.148236987	0.148236987	0.242765868
617	0.14741212	0.14741212	0.14741212	0.241977858
618	0.146591844	0.146591844	0.146591844	0.241192406
619	0.145776131	0.145776131	0.145776131	0.240409504
620	0.144964958	0.144964958	0.144964958	0.239629143
621	0.144158298	0.144158298	0.144158298	0.238851314
622	0.143356128	0.143356128	0.143356128	0.238076011
623	0.14255842	0.14255842	0.14255842	0.237303224
624	0.141765152	0.141765152	0.141765152	0.236532946
625	0.140976298	0.140976298	0.140976298	0.235765168
626	0.140191833	0.140191833	0.140191833	0.234999882
627	0.139411734	0.139411734	0.139411734	0.23423708
628	0.138635975	0.138635975	0.138635975	0.233476755
629	0.137864534	0.137864534	0.137864534	0.232718897
630	0.137097385	0.137097385	0.137097385	0.231963499
631	0.136334504	0.136334504	0.136334504	0.231210554
632	0.135575869	0.135575869	0.135575869	0.230460052
633	0.134821455	0.134821455	0.134821455	0.229711986
634	0.134071239	0.134071239	0.134071239	0.228966349
635	0.133325198	0.133325198	0.133325198	0.228223132
636	0.132583308	0.132583308	0.132583308	0.227482327
637	0.131845547	0.131845547	0.131845547	0.226743927
638	0.13111189	0.13111189	0.13111189	0.226007924
639	0.130382316	0.130382316	0.130382316	0.22527431
640	0.129656802	0.129656802	0.129656802	0.224543077
641	0.128935325	0.128935325	0.128935325	0.223814218
642	0.128217863	0.128217863	0.128217863	0.223087724
643	0.127504392	0.127504392	0.127504392	0.222363589
644	0.126794893	0.126794893	0.126794893	0.221641804
645	0.126089341	0.126089341	0.126089341	0.220922363
646	0.125387715	0.125387715	0.125387715	0.220205256
647	0.124689993	0.124689993	0.124689993	0.219490477
648	0.123996154	0.123996154	0.123996154	0.218778018
649	0.123306176	0.123306176	0.123306176	0.218067872
650	0.122620037	0.122620037	0.122620037	0.217360031
651	0.121937716	0.121937716	0.121937716	0.216654488
652	0.121259192	0.121259192	0.121259192	0.215951235
653	0.120584443	0.120584443	0.120584443	0.215250264
654	0.119913449	0.119913449	0.119913449	0.214551569
655	0.119246189	0.119246189	0.119246189	0.213855142
656	0.118582642	0.118582642	0.118582642	0.213160975
657	0.117922787	0.117922787	0.117922787	0.212469062
658	0.117266604	0.117266604	0.117266604	0.211779395
659	0.116614073	0.116614073	0.116614073	0.211091966
660	0.115965172	0.115965172	0.115965172	0.210406768
661	0.115319882	0.115319882	0.115319882	0.209723795
662	0.114678183	0.114678183	0.114678183	0.209043039
663	0.114040055	0.114040055	0.114040055	0.208364492
664	0.113405477	0.113405477	0.113405477	0.207688148
665	0.112774431	0.112774431	0.112774431	0.207013999
666	0.112146896	0.112146896	0.112146896	0.206342039
667	0.111522853	0.111522853	0.111522853	0.205672259
668	0.110902283	0.110902283	0.110902283	0.205004654
669	0.110285166	0.110285166	0.110285166	0.204339216
670	0.109671482	0.109671482	0.109671482	0.203675937
671	0.109061214	0.109061214	0.109061214	0.203014812
672	0.108454341	0.108454341	0.108454341	0.202355833
673	0.107850845	0.107850845	0.107850845	0.201698993
674	0.107250708	0.107250708	0.107250708	0.201044285
675	0.10665391	0.10665391	0.10665391	0.200391702
676	0.106060433	0.106060433	0.106060433	0.199741237
677	0.105470258	0.105470258	0.105470258	0.199092884
678	0.104883367	0.104883367	0.104883367	0.198446635
679	0.104299742	0.104299742	0.104299742	0.197802484
680	0.103719365	0.103719365	0.103719365	0.197160423
681	0.103142217	0.103142217	0.103142217	0.196520447
682	0.102568281	0.102568281	0.102568281	0.195882548
683	0.101997538	0.101997538	0.101997538	0.19524672
684	0.101429971	0.101429971	0.101429971	0.194612956
685	0.100865563	0.100865563	0.100865563	0.193981249
686	0.100304295	0.100304295	0.100304295	0.193351592
687	0.09974615	0.09974615	0.09974615	0.192723979
688	0.099191112	0.099191112	0.099191112	0.192098404
689	0.098639161	0.098639161	0.098639161	0.191474859
690	0.098090282	0.098090282	0.098090282	0.190853338
691	0.097544458	0.097544458	0.097544458	0.190233834
692	0.09700167	0.09700167	0.09700167	0.189616342
693	0.096461903	0.096461903	0.096461903	0.189000854
694	0.095925139	0.095925139	0.095925139	0.188387363
695	0.095391363	0.095391363	0.095391363	0.187775864
696	0.094860556	0.094860556	0.094860556	0.18716635
697	0.094332703	0.094332703	0.094332703	0.186558814
698	0.093807788	0.093807788	0.093807788	0.185953251
699	0.093285793	0.093285793	0.093285793	0.185349653
700	0.092766703	0.092766703	0.092766703	0.184748014
701	0.092250501	0.092250501	0.092250501	0.184148328
702	0.091737172	0.091737172	0.091737172	0.183550589
703	0.091226699	0.091226699	0.091226699	0.18295479
704	0.090719067	0.090719067	0.090719067	0.182360925
705	0.090214259	0.090214259	0.090214259	0.181768987
706	0.089712261	0.089712261	0.089712261	0.181178971
707	0.089213056	0.089213056	0.089213056	0.18059087
708	0.088716629	0.088716629	0.088716629	0.180004678
709	0.088222964	0.088222964	0.088222964	0.179420389
710	0.087732046	0.087732046	0.087732046	0.178837997
711	0.08724386	0.08724386	0.08724386	0.178257494
712	0.08675839	0.08675839	0.08675839	0.177678877
713	0.086275622	0.086275622	0.086275622	0.177102137
714	0.08579554	0.08579554	0.08579554	0.176527269
715	0.085318129	0.085318129	0.085318129	0.175954268
716	0.084843375	0.084843375	0.084843375	0.175383126
717	0.084371263	0.084371263	0.084371263	0.174813838
718	0.083901778	0.083901778	0.083901778	0.174246399
719	0.083434906	0.083434906	0.083434906	0.173680801
720	0.082970631	0.082970631	0.082970631	0.173117039
721	0.08250894	0.08250894	0.08250894	0.172555106
722	0.082049817	0.082049817	0.082049817	0.171994998
723	0.08159325	0.08159325	0.08159325	0.171436708
724	0.081139223	0.081139223	0.081139223	0.170880231
725	0.080687723	0.080687723	0.080687723	0.170325559
726	0.080238735	0.080238735	0.080238735	0.169772688
727	0.079792246	0.079792246	0.079792246	0.169221612
728	0.07934824	0.07934824	0.07934824	0.168672324
729	0.078906706	0.078906706	0.078906706	0.168124819
730	0.078467629	0.078467629	0.078467629	0.167579092
731	0.078030994	0.078030994	0.078030994	0.167035136
732	0.07759679	0.07759679	0.07759679	0.166492945
733	0.077165001	0.077165001	0.077165001	0.165952515
734	0.076735616	0.076735616	0.076735616	0.165413838
735	0.076308619	0.076308619	0.076308619	0.164876911
736	0.075883999	0.075883999	0.075883999	0.164341726
737	0.075461741	0.075461741	0.075461741	0.163808278
738	0.075041833	0.075041833	0.075041833	0.163276562
739	0.074624262	0.074624262	0.074624262	0.162746572
740	0.074209014	0.074209014	0.074209014	0.162218302
741	0.073796077	0.073796077	0.073796077	0.161691747
742	0.073385438	0.073385438	0.073385438	0.161166901
743	0.072977084	0.072977084	0.072977084	0.160643758
744	0.072571002	0.072571002	0.072571002	0.160122314
745	0.072167179	0.072167179	0.072167179	0.159602562
746	0.071765604	0.071765604	0.071765604	0.159084498
747	0.071366263	0.071366263	0.071366263	0.158568115
748	0.070969145	0.070969145	0.070969145	0.158053408
749	0.070574236	0.070574236	0.070574236	0.157540372
750	0.070181525	0.070181525	0.070181525	0.157029001
751	0.069790999	0.069790999	0.069790999	0.15651929
752	0.069402646	0.069402646	0.069402646	0.156011234
753	0.069016454	0.069016454	0.069016454	0.155504827
754	0.068632411	0.068632411	0.068632411	0.155000063
755	0.068250505	0.068250505	0.068250505	0.154496938
756	0.067870724	0.067870724	0.067870724	0.153995446
757	0.067493056	0.067493056	0.067493056	0.153495582
758	0.06711749	0.06711749	0.06711749	0.152997341
759	0.066744014	0.066744014	0.066744014	0.152500717
760	0.066372616	0.066372616	0.066372616	0.152005704
761	0.066003285	0.066003285	0.066003285	0.151512299
762	0.065636008	0.065636008	0.065636008	0.151020495
763	0.065270776	0.065270776	0.065270776	0.150530288
764	0.064907576	0.064907576	0.064907576	0.150041671
765	0.064546397	0.064546397	0.064546397	0.149554641
766	0.064187227	0.064187227	0.064187227	0.149069192
767	0.063830057	0.063830057	0.063830057	0.148585318
768	0.063474873	0.063474873	0.063474873	0.148103015
769	0.063121667	0.063121667	0.063121667	0.147622278
770	0.062770425	0.062770425	0.062770425	0.147143101
771	0.062421138	0.062421138	0.062421138	0.146665479
772	0.062073795	0.062073795	0.062073795	0.146189408
773	0.061728385	0.061728385	0.061728385	0.145714882
774	0.061384896	0.061384896	0.061384896	0.145241897
775	0.061043319	0.061043319	0.061043319	0.144770446
776	0.060703643	0.060703643	0.060703643	0.144300526
777	0.060365856	0.060365856	0.060365856	0.143832132
778	0.06002995	0.06002995	0.06002995	0.143365257
779	0.059695912	0.059695912	0.059695912	0.142899899
780	0.059363734	0.059363734	0.059363734	0.14243605
781	0.059033403	0.059033403	0.059033403	0.141973708
782	0.058704911	0.058704911	0.058704911	0.141512866
783	0.058378247	0.058378247	0.058378247	0.14105352
784	0.0580534	0.0580534	0.0580534	0.140595665
785	0.057730361	0.057730361	0.057730361	0.140139296
786	0.05740912	0.05740912	0.05740912	0.139684409
787	0.057089666	0.057089666	0.057089666	0.139230998
788	0.05677199	0.05677199	0.05677199	0.138779059
789	0.056456081	0.056456081	0.056456081	0.138328586
790	0.056141931	0.056141931	0.056141931	0.137879576
791	0.055829528	0.055829528	0.055829528	0.137432024
792	0.055518864	0.055518864	0.055518864	0.136985924
793	0.055209928	0.055209928	0.055209928	0.136541272
794	0.054902712	0.054902712	0.054902712	0.136098064
795	0.054597205	0.054597205	0.054597205	0.135656294
796	0.054293398	0.054293398	0.054293398	0.135215959
797	0.053991282	0.053991282	0.053991282	0.134777052
798	0.053690847	0.053690847	0.053690847	0.13433957
799	0.053392083	0.053392083	0.053392083	0.133903509
800	0.053094982	0.053094982	0.053094982	0.133468862
801	0.052799534	0.052799534	0.052799534	0.133035627
802	0.052505731	0.052505731	0.052505731	0.132603798
803	0.052213562	0.052213562	0.052213562	0.13217337
804	0.051923019	0.051923019	0.051923019	0.13174434
805	0.051634092	0.051634092	0.051634092	0.131316702
806	0.051346774	0.051346774	0.051346774	0.130890453
807	0.051061054	0.051061054	0.051061054	0.130465587
808	0.050776924	0.050776924	0.050776924	0.1300421
809	0.050494375	0.050494375	0.050494375	0.129619987
810	0.050213398	0.050213398	0.050213398	0.129199245
811	0.049933985	0.049933985	0.049933985	0.128779869
812	0.049656127	0.049656127	0.049656127	0.128361854
813	0.049379815	0.049379815	0.049379815	0.127945195
814	0.04910504	0.04910504	0.04910504	0.12752989
815	0.048831794	0.048831794	0.048831794	0.127115932
816	0.048560069	0.048560069	0.048560069	0.126703318
817	0.048289856	0.048289856	0.048289856	0.126292043
818	0.048021146	0.048021146	0.048021146	0.125882103
819	0.047753932	0.047753932	0.047753932	0.125473494
820	0.047488205	0.047488205	0.047488205	0.125066212
821	0.047223956	0.047223956	0.047223956	0.124660251
822	0.046961177	0.046961177	0.046961177	0.124255608
823	0.046699861	0.046699861	0.046699861	0.123852278
824	0.046439999	0.046439999	0.046439999	0.123450258
825	0.046181583	0.046181583	0.046181583	0.123049543
826	0.045924605	0.045924605	0.045924605	0.122650128
827	0.045669057	0.045669057	0.045669057	0.12225201
828	0.045414931	0.045414931	0.045414931	0.121855184
829	0.045162219	0.045162219	0.045162219	0.121459646
830	0.044910913	0.044910913	0.044910913	0.121065392
831	0.044661006	0.044661006	0.044661006	0.120672418
832	0.044412489	0.044412489	0.044412489	0.120280719
833	0.044165355	0.044165355	0.044165355	0.119890292
834	0.043919596	0.043919596	0.043919596	0.119501132
835	0.043675205	0.043675205	0.043675205	0.119113236
836	0.043432174	0.043432174	0.043432174	0.118726598
837	0.043190495	0.043190495	0.043190495	0.118341215
838	0.042950161	0.042950161	0.042950161	0.117957084
839	0.042711164	0.042711164	0.042711164	0.117574199
840	0.042473497	0.042473497	0.042473497	0.117192557
841	0.042237153	0.042237153	0.042237153	0.116812154
842	0.042002124	0.042002124	0.042002124	0.116432986
843	0.041768402	0.041768402	0.041768402	0.116055048
844	0.041535981	0.041535981	0.041535981	0.115678337
845	0.041304854	0.041304854	0.041304854	0.115302849
846	0.041075012	0.041075012	0.041075012	0.11492858
847	0.04084645	0.04084645	0.04084645	0.114555526
848	0.040619159	0.040619159	0.040619159	0.114183682
849	0.040393133	0.040393133	0.040393133	0.113813046
850	0.040168365	0.040168365	0.040168365	0.113443613
851	0.039944848	0.039944848	0.039944848	0.113075379
852	0.039722574	0.039722574	0.039722574	0.11270834
853	0.039501537	0.039501537	0.039501537	0.112342492
854	0.039281731	0.039281731	0.039281731	0.111977832
855	0.039063147	0.039063147	0.039063147	0.111614356
856	0.038845779	0.038845779	0.038845779	0.11125206
857	0.038629621	0.038629621	0.038629621	0.110890939
858	0.038414666	0.038414666	0.038414666	0.110530991
859	0.038200907	0.038200907	0.038200907	0.110172211
860	0.037988338	0.037988338	0.037988338	0.109814596
861	0.037776951	0.037776951	0.037776951	0.109458141
862	0.037566741	0.037566741	0.037566741	0.109102844
863	0.0373577	0.0373577	0.0373577	0.1087487
864	0.037149823	0.037149823	0.037149823	0.108395705
865	0.036943102	0.036943102	0.036943102	0.108043856
866	0.036737532	0.036737532	0.036737532	0.107693149
867	0.036533105	0.036533105	0.036533105	0.107343581
868	0.036329816	0.036329816	0.036329816	0.106995147
869	0.036127659	0.036127659	0.036127659	0.106647845
870	0.035926626	0.035926626	0.035926626	0.106301669
871	0.035726711	0.035726711	0.035726711	0.105956618
872	0.03552791	0.03552791	0.03552791	0.105612686
873	0.035330214	0.035330214	0.035330214	0.105269871
874	0.035133619	0.035133619	0.035133619	0.104928168
875	0.034938117	0.034938117	0.034938117	0.104587575
876	0.034743704	0.034743704	0.034743704	0.104248087
877	0.034550372	0.034550372	0.034550372	0.103909702
878	0.034358116	0.034358116	0.034358116	0.103572414
879	0.034166929	0.034166929	0.034166929	0.103236222
880	0.033976807	0.033976807	0.033976807	0.10290112
881	0.033787743	0.033787743	0.033787743	0.102567107
882	0.03359973	0.03359973	0.03359973	0.102234177
883	0.033412764	0.033412764	0.033412764	0.101902329
884	0.033226838	0.033226838	0.033226838	0.101571557
885	0.033041947	0.033041947	0.033041947	0.101241859
886	0.032858085	0.032858085	0.032858085	0.100913232
887	0.032675246	0.032675246	0.032675246	0.100585671
888	0.032493424	0.032493424	0.032493424	0.100259173
889	0.032312614	0.032312614	0.032312614	0.099933735
890	0.03213281	0.03213281	0.03213281	0.099609353
891	0.031954006	0.031954006	0.031954006	0.099286025
892	0.031776198	0.031776198	0.031776198	0.098963746
893	0.031599379	0.031599379	0.031599379	0.098642513
894	0.031423543	0.031423543	0.031423543	0.098322322
895	0.031248687	0.031248687	0.031248687	0.098003171
896	0.031074803	0.031074803	0.031074803	0.097685056
897	0.030901887	0.030901887	0.030901887	0.097367974
898	0.030729933	0.030729933	0.030729933	0.097051921
899	0.030558936	0.030558936	0.030558936	0.096736894
900	0.03038889	0.03038889	0.03038889	0.096422889
901	0.030219791	0.030219791	0.030219791	0.096109903
902	0.030051632	0.030051632	0.030051632	0.095797934
903	0.029884409	0.029884409	0.029884409	0.095486977
904	0.029718117	0.029718117	0.029718117	0.095177029
905	0.02955275	0.02955275	0.02955275	0.094868088
906	0.029388304	0.029388304	0.029388304	0.094560149
907	0.029224772	0.029224772	0.029224772	0.09425321
908	0.02906215	0.02906215	0.02906215	0.093947268
909	0.028900434	0.028900434	0.028900434	0.093642318
910	0.028739617	0.028739617	0.028739617	0.093338358
911	0.028579695	0.028579695	0.028579695	0.093035385
912	0.028420663	0.028420663	0.028420663	0.092733395
913	0.028262515	0.028262515	0.028262515	0.092432386
914	0.028105248	0.028105248	0.028105248	0.092132353
915	0.027948856	0.027948856	0.027948856	0.091833295
916	0.027793334	0.027793334	0.027793334	0.091535207
917	0.027638678	0.027638678	0.027638678	0.091238087
918	0.027484882	0.027484882	0.027484882	0.090941931
919	0.027331942	0.027331942	0.027331942	0.090646737
920	0.027179853	0.027179853	0.027179853	0.0903525
921	0.027028611	0.027028611	0.027028611	0.090059219
922	0.02687821	0.02687821	0.02687821	0.08976689
923	0.026728645	0.026728645	0.026728645	0.08947551
924	0.026579913	0.026579913	0.026579913	0.089185075
925	0.026432009	0.026432009	0.026432009	0.088895583
926	0.026284928	0.026284928	0.026284928	0.088607031
927	0.026138665	0.026138665	0.026138665	0.088319416
928	0.025993216	0.025993216	0.025993216	0.088032734
929	0.025848576	0.025848576	0.025848576	0.087746983
930	0.025704742	0.025704742	0.025704742	0.087462159
931	0.025561707	0.025561707	0.025561707	0.08717826
932	0.025419469	0.025419469	0.025419469	0.086895282
933	0.025278022	0.025278022	0.025278022	0.086613223
934	0.025137362	0.025137362	0.025137362	0.086332079
935	0.024997485	0.024997485	0.024997485	0.086051848
936	0.024858386	0.024858386	0.024858386	0.085772527
937	0.024720061	0.024720061	0.024720061	0.085494112
938	0.024582506	0.024582506	0.024582506	0.085216601
939	0.024445716	0.024445716	0.024445716	0.084939991
940	0.024309688	0.024309688	0.024309688	0.084664278
941	0.024174416	0.024174416	0.024174416	0.084389461
942	0.024039897	0.024039897	0.024039897	0.084115536
943	0.023906127	0.023906127	0.023906127	0.083842499
944	0.023773101	0.023773101	0.023773101	0.083570349
945	0.023640815	0.023640815	0.023640815	0.083299083
946	0.023509266	0.023509266	0.023509266	0.083028697
947	0.023378448	0.023378448	0.023378448	0.082759189
948	0.023248358	0.023248358	0.023248358	0.082490555
949	0.023118992	0.023118992	0.023118992	0.082222793
950	0.022990346	0.022990346	0.022990346	0.081955901
951	0.022862416	0.022862416	0.022862416	0.081689875
952	0.022735198	0.022735198	0.022735198	0.081424712
953	0.022608688	0.022608688	0.022608688	0.08116041
954	0.022482881	0.022482881	0.022482881	0.080896966
955	0.022357775	0.022357775	0.022357775	0.080634378
956	0.022233365	0.022233365	0.022233365	0.080372641
957	0.022109647	0.022109647	0.022109647	0.080111754
958	0.021986618	0.021986618	0.021986618	0.079851714
959	0.021864273	0.021864273	0.021864273	0.079592518
960	0.021742609	0.021742609	0.021742609	0.079334164
961	0.021621622	0.021621622	0.021621622	0.079076648
962	0.021501308	0.021501308	0.021501308	0.078819967
963	0.021381664	0.021381664	0.021381664	0.07856412
964	0.021262685	0.021262685	0.021262685	0.078309104
965	0.021144369	0.021144369	0.021144369	0.078054915
966	0.02102671	0.02102671	0.02102671	0.077801552
967	0.020909707	0.020909707	0.020909707	0.07754901
968	0.020793355	0.020793355	0.020793355	0.077297289
969	0.02067765	0.02067765	0.02067765	0.077046384
970	0.020562589	0.020562589	0.020562589	0.076796294
971	0.020448168	0.020448168	0.020448168	0.076547016
972	0.020334384	0.020334384	0.020334384	0.076298547
973	0.020221233	0.020221233	0.020221233	0.076050885
974	0.020108711	0.020108711	0.020108711	0.075804026
975	0.019996816	0.019996816	0.019996816	0.075557969
976	0.019885544	0.019885544	0.019885544	0.07531271
977	0.01977489	0.01977489	0.01977489	0.075068248
978	0.019664853	0.019664853	0.019664853	0.074824579
979	0.019555427	0.019555427	0.019555427	0.074581701
980	0.019446611	0.019446611	0.019446611	0.074339611
981	0.0193384	0.0193384	0.0193384	0.074098307
982	0.019230791	0.019230791	0.019230791	0.073857786
983	0.019123781	0.019123781	0.019123781	0.073618046
984	0.019017367	0.019017367	0.019017367	0.073379085
985	0.018911544	0.018911544	0.018911544	0.073140899
986	0.018806311	0.018806311	0.018806311	0.072903486
987	0.018701663	0.018701663	0.018701663	0.072666844
988	0.018597597	0.018597597	0.018597597	0.072430969
989	0.01849411	0.01849411	0.01849411	0.072195861
990	0.0183912	0.0183912	0.0183912	0.071961516
991	0.018288862	0.018288862	0.018288862	0.071727931
992	0.018187093	0.018187093	0.018187093	0.071495104
993	0.018085891	0.018085891	0.018085891	0.071263034
994	0.017985251	0.017985251	0.017985251	0.071031716
995	0.017885172	0.017885172	0.017885172	0.07080115
996	0.01778565	0.01778565	0.01778565	0.070571332
997	0.017686681	0.017686681	0.017686681	0.070342259
998	0.017588264	0.017588264	0.017588264	0.070113931
999	0.017490394	0.017490394	0.017490394	0.069886343
1000	0.017393068	0.017393068	0.017393068	0.069659495
1001	0.017296284	0.017296284	0.017296284	0.069433382
1002	0.017200039	0.017200039	0.017200039	0.069208004
1003	0.017104329	0.017104329	0.017104329	0.068983357
1004	0.017009151	0.017009151	0.017009151	0.068759439
1005	0.016914504	0.016914504	0.016914504	0.068536248
1006	0.016820383	0.016820383	0.016820383	0.068313782
1007	0.016726786	0.016726786	0.016726786	0.068092038
1008	0.016633709	0.016633709	0.016633709	0.067871013
1009	0.016541151	0.016541151	0.016541151	0.067650706
1010	0.016449107	0.016449107	0.016449107	0.067431114
1011	0.016357576	0.016357576	0.016357576	0.067212235
1012	0.016266554	0.016266554	0.016266554	0.066994067
1013	0.016176038	0.016176038	0.016176038	0.066776606
1014	0.016086027	0.016086027	0.016086027	0.066559852
1015	0.015996516	0.015996516	0.015996516	0.066343801
1016	0.015907503	0.015907503	0.015907503	0.066128451
1017	0.015818985	0.015818985	0.015818985	0.0659138
1018	0.01573096	0.01573096	0.01573096	0.065699846
1019	0.015643425	0.015643425	0.015643425	0.065486587
1020	0.015556377	0.015556377	0.015556377	0.065274019
1021	0.015469814	0.015469814	0.015469814	0.065062142
1022	0.015383732	0.015383732	0.015383732	0.064850952
1023	0.015298129	0.015298129	0.015298129	0.064640448
1024	0.015213002	0.015213002	0.015213002	0.064430628
1025	0.015128349	0.015128349	0.015128349	0.064221488
1026	0.015044167	0.015044167	0.015044167	0.064013027
1027	0.014960454	0.014960454	0.014960454	0.063805243
1028	0.014877206	0.014877206	0.014877206	0.063598133
1029	0.014794422	0.014794422	0.014794422	0.063391696
1030	0.014712098	0.014712098	0.014712098	0.063185929
1031	0.014630232	0.014630232	0.014630232	0.062980829
1032	0.014548822	0.014548822	0.014548822	0.062776396
1033	0.014467865	0.014467865	0.014467865	0.062572626
1034	0.014387358	0.014387358	0.014387358	0.062369517
1035	0.0143073	0.0143073	0.0143073	0.062167068
1036	0.014227686	0.014227686	0.014227686	0.061965275
1037	0.014148516	0.014148516	0.014148516	0.061764138
1038	0.014069787	0.014069787	0.014069787	0.061563654
1039	0.013991495	0.013991495	0.013991495	0.06136382
1040	0.013913639	0.013913639	0.013913639	0.061164635
1041	0.013836217	0.013836217	0.013836217	0.060966097
1042	0.013759225	0.013759225	0.013759225	0.060768203
1043	0.013682661	0.013682661	0.013682661	0.060570952
1044	0.013606524	0.013606524	0.013606524	0.06037434
1045	0.01353081	0.01353081	0.01353081	0.060178367
1046	0.013455518	0.013455518	0.013455518	0.05998303
1047	0.013380645	0.013380645	0.013380645	0.059788327
1048	0.013306188	0.013306188	0.013306188	0.059594257
1049	0.013232145	0.013232145	0.013232145	0.059400816
1050	0.013158515	0.013158515	0.013158515	0.059208003
1051	0.013085294	0.013085294	0.013085294	0.059015815
1052	0.013012481	0.013012481	0.013012481	0.058824252
1053	0.012940073	0.012940073	0.012940073	0.05863331
1054	0.012868067	0.012868067	0.012868067	0.058442989
1055	0.012796463	0.012796463	0.012796463	0.058253285
1056	0.012725257	0.012725257	0.012725257	0.058064196
1057	0.012654447	0.012654447	0.012654447	0.057875722
1058	0.012584031	0.012584031	0.012584031	0.057687859
1059	0.012514007	0.012514007	0.012514007	0.057500607
1060	0.012444373	0.012444373	0.012444373	0.057313962
1061	0.012375126	0.012375126	0.012375126	0.057127922
1062	0.012306264	0.012306264	0.012306264	0.056942487
1063	0.012237786	0.012237786	0.012237786	0.056757654
1064	0.012169689	0.012169689	0.012169689	0.05657342
1065	0.01210197	0.01210197	0.01210197	0.056389785
1066	0.012034629	0.012034629	0.012034629	0.056206745
1067	0.011967662	0.011967662	0.011967662	0.0560243
1068	0.011901067	0.011901067	0.011901067	0.055842447
1069	0.011834844	0.011834844	0.011834844	0.055661184
1070	0.011768989	0.011768989	0.011768989	0.05548051
1071	0.0117035	0.0117035	0.0117035	0.055300422
1072	0.011638376	0.011638376	0.011638376	0.055120919
1073	0.011573614	0.011573614	0.011573614	0.054941998
1074	0.011509212	0.011509212	0.011509212	0.054763658
1075	0.011445169	0.011445169	0.011445169	0.054585897
1076	0.011381482	0.011381482	0.011381482	0.054408713
1077	0.01131815	0.01131815	0.01131815	0.054232105
1078	0.01125517	0.01125517	0.01125517	0.054056069
1079	0.01119254	0.01119254	0.01119254	0.053880605
1080	0.011130259	0.011130259	0.011130259	0.05370571
1081	0.011068325	0.011068325	0.011068325	0.053531383
1082	0.011006735	0.011006735	0.011006735	0.053357622
1083	0.010945488	0.010945488	0.010945488	0.053184425
1084	0.010884581	0.010884581	0.010884581	0.05301179
1085	0.010824014	0.010824014	0.010824014	0.052839716
1086	0.010763784	0.010763784	0.010763784	0.0526682
1087	0.010703888	0.010703888	0.010703888	0.052497241
1088	0.010644327	0.010644327	0.010644327	0.052326836
1089	0.010585096	0.010585096	0.010585096	0.052156985
1090	0.010526195	0.010526195	0.010526195	0.051987685
1091	0.010467622	0.010467622	0.010467622	0.051818935
1092	0.010409375	0.010409375	0.010409375	0.051650733
1093	0.010351452	0.010351452	0.010351452	0.051483076
1094	0.010293851	0.010293851	0.010293851	0.051315964
1095	0.010236571	0.010236571	0.010236571	0.051149394
1096	0.010179609	0.010179609	0.010179609	0.050983365
1097	0.010122964	0.010122964	0.010122964	0.050817874
1098	0.010066635	0.010066635	0.010066635	0.050652921
1099	0.010010619	0.010010619	0.010010619	0.050488503
1100	0.009954915	0.009954915	0.009954915	0.050324619
1101	0.009899521	0.009899521	0.009899521	0.050161267
1102	0.009844435	0.009844435	0.009844435	0.049998446
1103	0.009789655	0.009789655	0.009789655	0.049836152
1104	0.00973518	0.00973518	0.00973518	0.049674386
1105	0.009681009	0.009681009	0.009681009	0.049513145
1106	0.009627139	0.009627139	0.009627139	0.049352427
1107	0.009573568	0.009573568	0.009573568	0.04919223
1108	0.009520296	0.009520296	0.009520296	0.049032554
1109	0.00946732	0.00946732	0.00946732	0.048873396
1110	0.009414639	0.009414639	0.009414639	0.048714754
1111	0.009362251	0.009362251	0.009362251	0.048556628
1112	0.009310155	0.009310155	0.009310155	0.048399015
1113	0.009258349	0.009258349	0.009258349	0.048241913
1114	0.00920683	0.00920683	0.00920683	0.048085322
1115	0.009155599	0.009155599	0.009155599	0.047929238
1116	0.009104652	0.009104652	0.009104652	0.047773662
1117	0.009053989	0.009053989	0.009053989	0.04761859
1118	0.009003608	0.009003608	0.009003608	0.047464022
1119	0.008953508	0.008953508	0.008953508	0.047309955
1120	0.008903686	0.008903686	0.008903686	0.047156388
1121	0.008854141	0.008854141	0.008854141	0.04700332
1122	0.008804872	0.008804872	0.008804872	0.046850749
1123	0.008755877	0.008755877	0.008755877	0.046698673
1124	0.008707155	0.008707155	0.008707155	0.046547091
1125	0.008658704	0.008658704	0.008658704	0.046396001
1126	0.008610522	0.008610522	0.008610522	0.046245401
1127	0.008562609	0.008562609	0.008562609	0.04609529
1128	0.008514962	0.008514962	0.008514962	0.045945666
1129	0.008467581	0.008467581	0.008467581	0.045796528
1130	0.008420463	0.008420463	0.008420463	0.045647874
1131	0.008373607	0.008373607	0.008373607	0.045499702
1132	0.008327012	0.008327012	0.008327012	0.045352012
1133	0.008280676	0.008280676	0.008280676	0.045204801
1134	0.008234598	0.008234598	0.008234598	0.045058067
1135	0.008188777	0.008188777	0.008188777	0.044911811
1136	0.00814321	0.00814321	0.00814321	0.044766028
1137	0.008097897	0.008097897	0.008097897	0.044620719
1138	0.008052836	0.008052836	0.008052836	0.044475882
1139	0.008008026	0.008008026	0.008008026	0.044331515
1140	0.007963465	0.007963465	0.007963465	0.044187616
1141	0.007919153	0.007919153	0.007919153	0.044044185
1142	0.007875086	0.007875086	0.007875086	0.043901219
1143	0.007831265	0.007831265	0.007831265	0.043758717
1144	0.007787688	0.007787688	0.007787688	0.043616677
1145	0.007744353	0.007744353	0.007744353	0.043475099
1146	0.00770126	0.00770126	0.00770126	0.04333398
1147	0.007658406	0.007658406	0.007658406	0.04319332
1148	0.007615791	0.007615791	0.007615791	0.043053116
1149	0.007573413	0.007573413	0.007573413	0.042913367
1150	0.00753127	0.00753127	0.00753127	0.042774071
1151	0.007489362	0.007489362	0.007489362	0.042635228
1152	0.007447688	0.007447688	0.007447688	0.042496836
1153	0.007406245	0.007406245	0.007406245	0.042358892
1154	0.007365033	0.007365033	0.007365033	0.042221397
1155	0.00732405	0.00732405	0.00732405	0.042084348
1156	0.007283295	0.007283295	0.007283295	0.041947743
1157	0.007242767	0.007242767	0.007242767	0.041811582
1158	0.007202465	0.007202465	0.007202465	0.041675863
1159	0.007162387	0.007162387	0.007162387	0.041540585
1160	0.007122531	0.007122531	0.007122531	0.041405745
1161	0.007082898	0.007082898	0.007082898	0.041271344
1162	0.007043485	0.007043485	0.007043485	0.041137378
1163	0.007004291	0.007004291	0.007004291	0.041003848
1164	0.006965316	0.006965316	0.006965316	0.040870751
1165	0.006926557	0.006926557	0.006926557	0.040738086
1166	0.006888014	0.006888014	0.006888014	0.040605851
1167	0.006849686	0.006849686	0.006849686	0.040474046
1168	0.006811571	0.006811571	0.006811571	0.040342669
1169	0.006773668	0.006773668	0.006773668	0.040211718
1170	0.006735976	0.006735976	0.006735976	0.040081192
1171	0.006698493	0.006698493	0.006698493	0.03995109
1172	0.006661219	0.006661219	0.006661219	0.03982141
1173	0.006624153	0.006624153	0.006624153	0.039692151
1174	0.006587293	0.006587293	0.006587293	0.039563311
1175	0.006550638	0.006550638	0.006550638	0.03943489
1176	0.006514186	0.006514186	0.006514186	0.039306886
1177	0.006477938	0.006477938	0.006477938	0.039179297
1178	0.006441892	0.006441892	0.006441892	0.039052122
1179	0.006406046	0.006406046	0.006406046	0.03892536
1180	0.006370399	0.006370399	0.006370399	0.03879901
1181	0.006334951	0.006334951	0.006334951	0.03867307
1182	0.0062997	0.0062997	0.0062997	0.038547538
1183	0.006264645	0.006264645	0.006264645	0.038422414
1184	0.006229785	0.006229785	0.006229785	0.038297696
1185	0.00619512	0.00619512	0.00619512	0.038173383
1186	0.006160647	0.006160647	0.006160647	0.038049474
1187	0.006126366	0.006126366	0.006126366	0.037925966
1188	0.006092276	0.006092276	0.006092276	0.03780286
1189	0.006058375	0.006058375	0.006058375	0.037680153
1190	0.006024663	0.006024663	0.006024663	0.037557845
1191	0.005991139	0.005991139	0.005991139	0.037435933
1192	0.005957801	0.005957801	0.005957801	0.037314417
1193	0.005924649	0.005924649	0.005924649	0.037193296
1194	0.005891681	0.005891681	0.005891681	0.037072568
1195	0.005858897	0.005858897	0.005858897	0.036952232
1196	0.005826295	0.005826295	0.005826295	0.036832286
1197	0.005793874	0.005793874	0.005793874	0.03671273
1198	0.005761634	0.005761634	0.005761634	0.036593561
1199	0.005729574	0.005729574	0.005729574	0.03647478
1200	0.005697691	0.005697691	0.005697691	0.036356384
1201	0.005665986	0.005665986	0.005665986	0.036238372
1202	0.005634458	0.005634458	0.005634458	0.036120744
1203	0.005603105	0.005603105	0.005603105	0.036003497
1204	0.005571926	0.005571926	0.005571926	0.035886631
1205	0.005540921	0.005540921	0.005540921	0.035770144
1206	0.005510089	0.005510089	0.005510089	0.035654035
1207	0.005479428	0.005479428	0.005479428	0.035538304
1208	0.005448937	0.005448937	0.005448937	0.035422947
1209	0.005418617	0.005418617	0.005418617	0.035307966
1210	0.005388465	0.005388465	0.005388465	0.035193357
1211	0.005358481	0.005358481	0.005358481	0.035079121
1212	0.005328663	0.005328663	0.005328663	0.034965255
1213	0.005299012	0.005299012	0.005299012	0.034851759
1214	0.005269525	0.005269525	0.005269525	0.034738631
1215	0.005240203	0.005240203	0.005240203	0.034625871
1216	0.005211044	0.005211044	0.005211044	0.034513477
1217	0.005182047	0.005182047	0.005182047	0.034401447
1218	0.005153211	0.005153211	0.005153211	0.034289781
1219	0.005124536	0.005124536	0.005124536	0.034178478
1220	0.005096021	0.005096021	0.005096021	0.034067535
1221	0.005067664	0.005067664	0.005067664	0.033956953
1222	0.005039465	0.005039465	0.005039465	0.03384673
1223	0.005011423	0.005011423	0.005011423	0.033736865
1224	0.004983536	0.004983536	0.004983536	0.033627356
1225	0.004955805	0.004955805	0.004955805	0.033518203
1226	0.004928229	0.004928229	0.004928229	0.033409404
1227	0.004900806	0.004900806	0.004900806	0.033300958
1228	0.004873535	0.004873535	0.004873535	0.033192864
1229	0.004846416	0.004846416	0.004846416	0.033085121
1230	0.004819448	0.004819448	0.004819448	0.032977728
1231	0.00479263	0.00479263	0.00479263	0.032870684
1232	0.004765962	0.004765962	0.004765962	0.032763986
1233	0.004739441	0.004739441	0.004739441	0.032657636
1234	0.004713069	0.004713069	0.004713069	0.03255163
1235	0.004686843	0.004686843	0.004686843	0.032445969
1236	0.004660763	0.004660763	0.004660763	0.03234065
1237	0.004634828	0.004634828	0.004634828	0.032235673
1238	0.004609037	0.004609037	0.004609037	0.032131037
1239	0.00458339	0.00458339	0.00458339	0.032026741
1240	0.004557886	0.004557886	0.004557886	0.031922783
1241	0.004532524	0.004532524	0.004532524	0.031819163
1242	0.004507302	0.004507302	0.004507302	0.031715879
1243	0.004482221	0.004482221	0.004482221	0.031612931
1244	0.00445728	0.00445728	0.00445728	0.031510316
1245	0.004432477	0.004432477	0.004432477	0.031408035
1246	0.004407813	0.004407813	0.004407813	0.031306085
1247	0.004383285	0.004383285	0.004383285	0.031204467
1248	0.004358895	0.004358895	0.004358895	0.031103178
1249	0.004334639	0.004334639	0.004334639	0.031002218
1250	0.004310519	0.004310519	0.004310519	0.030901586
1251	0.004286533	0.004286533	0.004286533	0.030801281
1252	0.004262681	0.004262681	0.004262681	0.030701301
1253	0.004238961	0.004238961	0.004238961	0.030601645
1254	0.004215373	0.004215373	0.004215373	0.030502313
1255	0.004191917	0.004191917	0.004191917	0.030403304
1256	0.004168591	0.004168591	0.004168591	0.030304616
1257	0.004145395	0.004145395	0.004145395	0.030206248
1258	0.004122328	0.004122328	0.004122328	0.030108199
1259	0.004099389	0.004099389	0.004099389	0.030010469
1260	0.004076578	0.004076578	0.004076578	0.029913056
1261	0.004053894	0.004053894	0.004053894	0.02981596
1262	0.004031336	0.004031336	0.004031336	0.029719178
1263	0.004008903	0.004008903	0.004008903	0.02962271
1264	0.003986596	0.003986596	0.003986596	0.029526556
1265	0.003964412	0.003964412	0.003964412	0.029430714
1266	0.003942352	0.003942352	0.003942352	0.029335183
1267	0.003920415	0.003920415	0.003920415	0.029239962
1268	0.0038986	0.0038986	0.0038986	0.02914505
1269	0.003876906	0.003876906	0.003876906	0.029050446
1270	0.003855333	0.003855333	0.003855333	0.028956149
1271	0.00383388	0.00383388	0.00383388	0.028862159
1272	0.003812546	0.003812546	0.003812546	0.028768473
1273	0.003791331	0.003791331	0.003791331	0.028675091
1274	0.003770234	0.003770234	0.003770234	0.028582013
1275	0.003749255	0.003749255	0.003749255	0.028489237
1276	0.003728392	0.003728392	0.003728392	0.028396762
1277	0.003707645	0.003707645	0.003707645	0.028304587
1278	0.003687014	0.003687014	0.003687014	0.028212711
1279	0.003666497	0.003666497	0.003666497	0.028121134
1280	0.003646095	0.003646095	0.003646095	0.028029853
1281	0.003625806	0.003625806	0.003625806	0.027938869
1282	0.003605631	0.003605631	0.003605631	0.027848181
1283	0.003585567	0.003585567	0.003585567	0.027757786
1284	0.003565615	0.003565615	0.003565615	0.027667686
1285	0.003545774	0.003545774	0.003545774	0.027577877
1286	0.003526044	0.003526044	0.003526044	0.02748836
1287	0.003506423	0.003506423	0.003506423	0.027399134
1288	0.003486911	0.003486911	0.003486911	0.027310197
1289	0.003467508	0.003467508	0.003467508	0.027221549
1290	0.003448213	0.003448213	0.003448213	0.027133189
1291	0.003429026	0.003429026	0.003429026	0.027045116
1292	0.003409945	0.003409945	0.003409945	0.026957328
1293	0.00339097	0.00339097	0.00339097	0.026869826
1294	0.003372101	0.003372101	0.003372101	0.026782607
1295	0.003353337	0.003353337	0.003353337	0.026695672
1296	0.003334677	0.003334677	0.003334677	0.026609018
1297	0.003316121	0.003316121	0.003316121	0.026522646
1298	0.003297669	0.003297669	0.003297669	0.026436555
1299	0.003279319	0.003279319	0.003279319	0.026350743
1300	0.003261071	0.003261071	0.003261071	0.026265209
