Level	Amplify	Defense Skill	Dodge	Parry	Block	Hit - Melee	Hit - Ranged	Hit - Spell	Crit - Melee	Crit - Ranged	Crit - Spell	Multi-Strike	Readiness	Speed	Resilience - Crit Taken	Resilience - Player Damage	Lifesteal	Haste - Melee	Haste - Ranged	Haste - Spell	Avoidance	Sturdiness	Unused 7	Expertise	Armor Penetration	Mastery	PvP Power	Cleave	Versatility - Damage Done	Versatility - Healing Done	Versatility - Damage Taken	Unused 12
1	14.87423894	0.356981734	3.30538643	3.30538643	1.487423894	1.636166283	1.636166283	1.636166283	2.974847787	2.974847787	2.974847787	0	2.974847787	0.826346608	0	1.487423894	1.652693215	2.809578466	2.809578466	2.809578466	1.156885251	0.297484779	0	1.636166283	0	2.974847787	1.308933026	2.974847787	3.511973082	3.511973082	7.023946164	0
2	14.87423894	0.356981734	3.30538643	3.30538643	1.487423894	1.636166283	1.636166283	1.636166283	2.974847787	2.974847787	2.974847787	0	2.974847787	0.826346608	0	1.487423894	1.652693215	2.809578466	2.809578466	2.809578466	1.156885251	0.297484779	0	1.636166283	0	2.974847787	1.308933026	2.974847787	3.511973082	3.511973082	7.023946164	0
3	14.87423894	0.356981734	3.30538643	3.30538643	1.487423894	1.636166283	1.636166283	1.636166283	2.974847787	2.974847787	2.974847787	0	2.974847787	0.826346608	0	1.487423894	1.652693215	2.809578466	2.809578466	2.809578466	1.156885251	0.297484779	0	1.636166283	0	2.974847787	1.308933026	2.974847787	3.511973082	3.511973082	7.023946164	0
4	14.87423894	0.356981734	3.30538643	3.30538643	1.487423894	1.636166283	1.636166283	1.636166283	2.974847787	2.974847787	2.974847787	0	2.974847787	0.826346608	0	1.487423894	1.652693215	2.809578466	2.809578466	2.809578466	1.156885251	0.297484779	0	1.636166283	0	2.974847787	1.308933026	2.974847787	3.511973082	3.511973082	7.023946164	0
5	14.87423894	0.356981734	3.30538643	3.30538643	1.487423894	1.636166283	1.636166283	1.636166283	2.974847787	2.974847787	2.974847787	0	2.974847787	0.826346608	0	1.487423894	1.652693215	2.809578466	2.809578466	2.809578466	1.156885251	0.297484779	0	1.636166283	0	2.974847787	1.308933026	2.974847787	3.511973082	3.511973082	7.023946164	0
6	14.87423894	0.356981734	3.30538643	3.30538643	1.487423894	1.636166283	1.636166283	1.636166283	2.974847787	2.974847787	2.974847787	0	2.974847787	0.826346608	0	1.487423894	1.652693215	2.809578466	2.809578466	2.809578466	1.156885251	0.297484779	0	1.636166283	0	2.974847787	1.308933026	2.974847787	3.511973082	3.511973082	7.023946164	0
7	14.87423894	0.356981734	3.30538643	3.30538643	1.487423894	1.636166283	1.636166283	1.636166283	2.974847787	2.974847787	2.974847787	0	2.974847787	0.826346608	0	1.487423894	1.652693215	2.809578466	2.809578466	2.809578466	1.156885251	0.297484779	0	1.636166283	0	2.974847787	1.308933026	2.974847787	3.511973082	3.511973082	7.023946164	0
8	14.87423894	0.356981734	3.30538643	3.30538643	1.487423894	1.636166283	1.636166283	1.636166283	2.974847787	2.974847787	2.974847787	0	2.974847787	0.826346608	0	1.487423894	1.652693215	2.809578466	2.809578466	2.809578466	1.156885251	0.297484779	0	1.636166283	0	2.974847787	1.308933026	2.974847787	3.511973082	3.511973082	7.023946164	0
9	14.87423894	0.356981734	3.30538643	3.30538643	1.487423894	1.636166283	1.636166283	1.636166283	2.974847787	2.974847787	2.974847787	0	2.974847787	0.826346608	0	1.487423894	1.652693215	2.809578466	2.809578466	2.809578466	1.156885251	0.297484779	0	1.636166283	0	2.974847787	1.308933026	2.974847787	3.511973082	3.511973082	7.023946164	0
10	14.87423894	0.356981734	3.30538643	3.30538643	1.487423894	1.636166283	1.636166283	1.636166283	2.974847787	2.974847787	2.974847787	0	2.974847787	0.826346608	0	1.487423894	1.652693215	2.809578466	2.809578466	2.809578466	1.156885251	0.297484779	0	1.636166283	0	2.974847787	1.308933026	2.974847787	3.511973082	3.511973082	7.023946164	0
11	14.87423894	0.356981734	3.30538643	3.30538643	1.487423894	1.636166283	1.636166283	1.636166283	2.974847787	2.974847787	2.974847787	0	2.974847787	0.826346608	0	1.487423894	1.652693215	2.809578466	2.809578466	2.809578466	1.156885251	0.297484779	0	1.636166283	0	2.974847787	1.308933026	2.974847787	3.511973082	3.511973082	7.023946164	0
12	14.87423894	0.356981734	3.30538643	3.30538643	1.487423894	1.636166283	1.636166283	1.636166283	2.974847787	2.974847787	2.974847787	0	2.974847787	0.826346608	0	1.487423894	1.652693215	2.809578466	2.809578466	2.809578466	1.156885251	0.297484779	0	1.636166283	0	2.974847787	1.308933026	2.974847787	3.511973082	3.511973082	7.023946164	0
13	14.87423894	0.356981734	3.30538643	3.30538643	1.487423894	1.636166283	1.636166283	1.636166283	2.974847787	2.974847787	2.974847787	0	2.974847787	0.826346608	0	1.487423894	1.652693215	2.809578466	2.809578466	2.809578466	1.156885251	0.297484779	0	1.636166283	0	2.974847787	1.308933026	2.974847787	3.511973082	3.511973082	7.023946164	0
14	14.87423894	0.356981734	3.30538643	3.30538643	1.487423894	1.636166283	1.636166283	1.636166283	2.974847787	2.974847787	2.974847787	0	2.974847787	0.826346608	0	1.487423894	1.652693215	2.809578466	2.809578466	2.809578466	1.156885251	0.297484779	0	1.636166283	0	2.974847787	1.308933026	2.974847787	3.511973082	3.511973082	7.023946164	0
15	14.87423894	0.356981734	3.30538643	3.30538643	1.487423894	1.636166283	1.636166283	1.636166283	2.974847787	2.974847787	2.974847787	0	2.974847787	0.826346608	0	1.487423894	1.652693215	2.809578466	2.809578466	2.809578466	1.156885251	0.297484779	0	1.636166283	0	2.974847787	1.308933026	2.974847787	3.511973082	3.511973082	7.023946164	0
16	14.87423894	0.356981734	3.30538643	3.30538643	1.487423894	1.636166283	1.636166283	1.636166283	2.974847787	2.974847787	2.974847787	0	2.974847787	0.826346608	0	1.487423894	1.652693215	2.809578466	2.809578466	2.809578466	1.156885251	0.297484779	0	1.636166283	0	2.974847787	1.308933026	2.974847787	3.511973082	3.511973082	7.023946164	0
17	15.46920849	0.371261004	3.437601887	3.437601887	1.546920849	1.701612934	1.701612934	1.701612934	3.093841699	3.093841699	3.093841699	0	3.093841699	0.859400472	0	1.546920849	1.718800944	2.921961604	2.921961604	2.921961604	1.203160661	0.30938417	0	1.701612934	0	3.093841699	1.361290347	3.093841699	3.652452005	3.652452005	7.304904011	0
18	16.06417805	0.385540273	3.569817345	3.569817345	1.606417805	1.767059586	1.767059586	1.767059586	3.21283561	3.21283561	3.21283561	0	3.21283561	0.892454336	0	1.606417805	1.784908672	3.034344743	3.034344743	3.034344743	1.249436071	0.321283561	0	1.767059586	0	3.21283561	1.413647668	3.21283561	3.792930929	3.792930929	7.585861857	0
19	16.65914761	0.399819543	3.702032802	3.702032802	1.665914761	1.832506237	1.832506237	1.832506237	3.331829522	3.331829522	3.331829522	0	3.331829522	0.9255082	0	1.665914761	1.851016401	3.146727882	3.146727882	3.146727882	1.295711481	0.333182952	0	1.832506237	0	3.331829522	1.46600499	3.331829522	3.933409852	3.933409852	7.866819704	0
20	17.25411717	0.414098812	3.834248259	3.834248259	1.725411717	1.897952888	1.897952888	1.897952888	3.450823433	3.450823433	3.450823433	0	3.450823433	0.958562065	0	1.725411717	1.91712413	3.25911102	3.25911102	3.25911102	1.341986891	0.345082343	0	1.897952888	0	3.450823433	1.518362311	3.450823433	4.073888775	4.073888775	8.147777551	0
21	17.84908672	0.428378081	3.966463716	3.966463716	1.784908672	1.96339954	1.96339954	1.96339954	3.569817345	3.569817345	3.569817345	0	3.569817345	0.991615929	0	1.784908672	1.983231858	3.371494159	3.371494159	3.371494159	1.388262301	0.356981734	0	1.96339954	0	3.569817345	1.570719632	3.569817345	4.214367699	4.214367699	8.428735397	0
22	18.44405628	0.442657351	4.098679173	4.098679173	1.844405628	2.028846191	2.028846191	2.028846191	3.688811256	3.688811256	3.688811256	0	3.688811256	1.024669793	0	1.844405628	2.049339587	3.483877297	3.483877297	3.483877297	1.434537711	0.368881126	0	2.028846191	0	3.688811256	1.623076953	3.688811256	4.354846622	4.354846622	8.709693244	0
23	19.03902584	0.45693662	4.230894631	4.230894631	1.903902584	2.094292842	2.094292842	2.094292842	3.807805168	3.807805168	3.807805168	0	3.807805168	1.057723658	0	1.903902584	2.115447315	3.596260436	3.596260436	3.596260436	1.480813121	0.380780517	0	2.094292842	0	3.807805168	1.675434274	3.807805168	4.495325545	4.495325545	8.99065109	0
24	19.6339954	0.471215889	4.363110088	4.363110088	1.96339954	2.159739494	2.159739494	2.159739494	3.926799079	3.926799079	3.926799079	0	3.926799079	1.090777522	0	1.96339954	2.181555044	3.708643575	3.708643575	3.708643575	1.527088531	0.392679908	0	2.159739494	0	3.926799079	1.727791595	3.926799079	4.635804468	4.635804468	9.271608937	0
25	20.22896495	0.485495159	4.495325545	4.495325545	2.022896495	2.225186145	2.225186145	2.225186145	4.045792991	4.045792991	4.045792991	0	4.045792991	1.123831386	0	2.022896495	2.247662773	3.821026713	3.821026713	3.821026713	1.573363941	0.404579299	0	2.225186145	0	4.045792991	1.780148916	4.045792991	4.776283392	4.776283392	9.552566783	0
26	20.82393451	0.499774428	4.627541002	4.627541002	2.082393451	2.290632796	2.290632796	2.290632796	4.164786902	4.164786902	4.164786902	0	4.164786902	1.156885251	0	2.082393451	2.313770501	3.933409852	3.933409852	3.933409852	1.619639351	0.41647869	0	2.290632796	0	4.164786902	1.832506237	4.164786902	4.916762315	4.916762315	9.83352463	0
27	21.41890407	0.514053698	4.75975646	4.75975646	2.141890407	2.356079447	2.356079447	2.356079447	4.283780814	4.283780814	4.283780814	0	4.283780814	1.189939115	0	2.141890407	2.37987823	4.045792991	4.045792991	4.045792991	1.665914761	0.428378081	0	2.356079447	0	4.283780814	1.884863558	4.283780814	5.057241238	5.057241238	10.11448248	0
28	22.01387363	0.528332967	4.891971917	4.891971917	2.201387363	2.421526099	2.421526099	2.421526099	4.402774725	4.402774725	4.402774725	0	4.402774725	1.222992979	0	2.201387363	2.445985958	4.158176129	4.158176129	4.158176129	1.712190171	0.440277473	0	2.421526099	0	4.402774725	1.937220879	4.402774725	5.197720162	5.197720162	10.39544032	0
29	22.60884318	0.542612236	5.024187374	5.024187374	2.260884318	2.48697275	2.48697275	2.48697275	4.521768637	4.521768637	4.521768637	0	4.521768637	1.256046843	0	2.260884318	2.512093687	4.270559268	4.270559268	4.270559268	1.758465581	0.452176864	0	2.48697275	0	4.521768637	1.9895782	4.521768637	5.338199085	5.338199085	10.67639817	0
30	23.20381274	0.556891506	5.156402831	5.156402831	2.320381274	2.552419401	2.552419401	2.552419401	4.640762548	4.640762548	4.640762548	0	4.640762548	1.289100708	0	2.320381274	2.578201416	4.382942406	4.382942406	4.382942406	1.804740991	0.464076255	0	2.552419401	0	4.640762548	2.041935521	4.640762548	5.478678008	5.478678008	10.95735602	0
31	23.7987823	0.571170775	5.288618288	5.288618288	2.37987823	2.617866053	2.617866053	2.617866053	4.75975646	4.75975646	4.75975646	0	4.75975646	1.322154572	0	2.37987823	2.644309144	4.495325545	4.495325545	4.495325545	1.851016401	0.475975646	0	2.617866053	0	4.75975646	2.094292842	4.75975646	5.619156931	5.619156931	11.23831386	0
32	24.39375186	0.585450045	5.420833746	5.420833746	2.439375186	2.683312704	2.683312704	2.683312704	4.878750371	4.878750371	4.878750371	0	4.878750371	1.355208436	0	2.439375186	2.710416873	4.607708684	4.607708684	4.607708684	1.897291811	0.487875037	0	2.683312704	0	4.878750371	2.146650163	4.878750371	5.759635855	5.759635855	11.51927171	0
33	24.98872141	0.599729314	5.553049203	5.553049203	2.498872141	2.748759355	2.748759355	2.748759355	4.997744282	4.997744282	4.997744282	0	4.997744282	1.388262301	0	2.498872141	2.776524601	4.720091822	4.720091822	4.720091822	1.943567221	0.499774428	0	2.748759355	0	4.997744282	2.199007484	4.997744282	5.900114778	5.900114778	11.80022956	0
34	25.58369097	0.614008583	5.68526466	5.68526466	2.558369097	2.814206007	2.814206007	2.814206007	5.116738194	5.116738194	5.116738194	0	5.116738194	1.421316165	0	2.558369097	2.84263233	4.832474961	4.832474961	4.832474961	1.989842631	0.511673819	0	2.814206007	0	5.116738194	2.251364805	5.116738194	6.040593701	6.040593701	12.0811874	0
35	26.17866053	0.628287853	5.817480117	5.817480117	2.617866053	2.879652658	2.879652658	2.879652658	5.235732105	5.235732105	5.235732105	0	5.235732105	1.454370029	0	2.617866053	2.908740059	4.9448581	4.9448581	4.9448581	2.036118041	0.523573211	0	2.879652658	0	5.235732105	2.303722126	5.235732105	6.181072625	6.181072625	12.36214525	0
36	26.77363008	0.642567122	5.949695574	5.949695574	2.677363008	2.945099309	2.945099309	2.945099309	5.354726017	5.354726017	5.354726017	0	5.354726017	1.487423894	0	2.677363008	2.974847787	5.057241238	5.057241238	5.057241238	2.082393451	0.535472602	0	2.945099309	0	5.354726017	2.356079447	5.354726017	6.321551548	6.321551548	12.6431031	0
37	27.36859964	0.656846391	6.081911032	6.081911032	2.736859964	3.010545961	3.010545961	3.010545961	5.473719928	5.473719928	5.473719928	0	5.473719928	1.520477758	0	2.736859964	3.040955516	5.169624377	5.169624377	5.169624377	2.128668861	0.547371993	0	3.010545961	0	5.473719928	2.408436769	5.473719928	6.462030471	6.462030471	12.92406094	0
38	27.9635692	0.671125661	6.214126489	6.214126489	2.79635692	3.075992612	3.075992612	3.075992612	5.59271384	5.59271384	5.59271384	0	5.59271384	1.553531622	0	2.79635692	3.107063244	5.282007515	5.282007515	5.282007515	2.174944271	0.559271384	0	3.075992612	0	5.59271384	2.46079409	5.59271384	6.602509394	6.602509394	13.20501879	0
39	28.55853876	0.68540493	6.346341946	6.346341946	2.855853876	3.141439263	3.141439263	3.141439263	5.711707751	5.711707751	5.711707751	0	5.711707751	1.586585487	0	2.855853876	3.173170973	5.394390654	5.394390654	5.394390654	2.221219681	0.571170775	0	3.141439263	0	5.711707751	2.513151411	5.711707751	6.742988318	6.742988318	13.48597664	0
40	29.15350831	0.6996842	6.478557403	6.478557403	2.915350831	3.206885915	3.206885915	3.206885915	5.830701663	5.830701663	5.830701663	0	5.830701663	1.619639351	0	2.915350831	3.239278702	5.506773793	5.506773793	5.506773793	2.267495091	0.583070166	0	3.206885915	0	5.830701663	2.565508732	5.830701663	6.883467241	6.883467241	13.76693448	0
41	29.74847787	0.713963469	6.61077286	6.61077286	2.974847787	3.272332566	3.272332566	3.272332566	5.949695574	5.949695574	5.949695574	0	5.949695574	1.652693215	0	2.974847787	3.30538643	5.619156931	5.619156931	5.619156931	2.313770501	0.594969557	0	3.272332566	0	5.949695574	2.617866053	5.949695574	7.023946164	7.023946164	14.04789233	0
42	30.34344743	0.728242738	6.742988318	6.742988318	3.034344743	3.337779217	3.337779217	3.337779217	6.068689486	6.068689486	6.068689486	0	6.068689486	1.685747079	0	3.034344743	3.371494159	5.73154007	5.73154007	5.73154007	2.360045911	0.606868949	0	3.337779217	0	6.068689486	2.670223374	6.068689486	7.164425088	7.164425088	14.32885018	0
43	30.93841699	0.742522008	6.875203775	6.875203775	3.093841699	3.403225869	3.403225869	3.403225869	6.187683397	6.187683397	6.187683397	0	6.187683397	1.718800944	0	3.093841699	3.437601887	5.843923209	5.843923209	5.843923209	2.406321321	0.61876834	0	3.403225869	0	6.187683397	2.722580695	6.187683397	7.304904011	7.304904011	14.60980802	0
44	31.53338654	0.756801277	7.007419232	7.007419232	3.153338654	3.46867252	3.46867252	3.46867252	6.306677309	6.306677309	6.306677309	0	6.306677309	1.751854808	0	3.153338654	3.503709616	5.956306347	5.956306347	5.956306347	2.452596731	0.630667731	0	3.46867252	0	6.306677309	2.774938016	6.306677309	7.445382934	7.445382934	14.89076587	0
45	32.1283561	0.771080546	7.139634689	7.139634689	3.21283561	3.534119171	3.534119171	3.534119171	6.42567122	6.42567122	6.42567122	0	6.42567122	1.784908672	0	3.21283561	3.569817345	6.068689486	6.068689486	6.068689486	2.498872141	0.642567122	0	3.534119171	0	6.42567122	2.827295337	6.42567122	7.585861857	7.585861857	15.17172371	0
46	32.7326789	0.785584294	7.273928644	7.273928644	3.27326789	3.600594679	3.600594679	3.600594679	6.546535779	6.546535779	6.546535779	0	6.546535779	1.818482161	0	3.27326789	3.636964322	6.182839347	6.182839347	6.182839347	2.545875025	0.654653578	0	3.600594679	0	6.546535779	2.880475743	6.546535779	7.728549184	7.728549184	15.45709837	0
47	33.34836878	0.800360851	7.410748619	7.410748619	3.334836878	3.668320566	3.668320566	3.668320566	6.669673757	6.669673757	6.669673757	0	6.669673757	1.852687155	0	3.334836878	3.705374309	6.299136326	6.299136326	6.299136326	2.593762017	0.666967376	0	3.668320566	0	6.669673757	2.934656453	6.669673757	7.873920407	7.873920407	15.74784081	0
48	33.97563958	0.81541535	7.550142128	7.550142128	3.397563958	3.737320354	3.737320354	3.737320354	6.795127915	6.795127915	6.795127915	0	6.795127915	1.887535532	0	3.397563958	3.775071064	6.417620809	6.417620809	6.417620809	2.642549745	0.679512792	0	3.737320354	0	6.795127915	2.989856283	6.795127915	8.022026011	8.022026011	16.04405202	0
49	34.61470911	0.830753019	7.69215758	7.69215758	3.461470911	3.807618002	3.807618002	3.807618002	6.922941822	6.922941822	6.922941822	0	6.922941822	1.923039395	0	3.461470911	3.84607879	6.538333943	6.538333943	6.538333943	2.692255153	0.692294182	0	3.807618002	0	6.922941822	3.046094401	6.922941822	8.172917428	8.172917428	16.34583486	0
50	35.26579931	0.846379183	7.83684429	7.83684429	3.526579931	3.879237924	3.879237924	3.879237924	7.053159861	7.053159861	7.053159861	0	7.053159861	1.959211073	0	3.526579931	3.918422145	6.661317647	6.661317647	6.661317647	2.742895502	0.705315986	0	3.879237924	0	7.053159861	3.103390339	7.053159861	8.326647058	8.326647058	16.65329412	0
51	35.92913628	0.862299271	7.984252506	7.984252506	3.592913628	3.95220499	3.95220499	3.95220499	7.185827255	7.185827255	7.185827255	0	7.185827255	1.996063126	0	3.592913628	3.992126253	6.78661463	6.78661463	6.78661463	2.794488377	0.718582726	0	3.95220499	0	7.185827255	3.161763992	7.185827255	8.483268287	8.483268287	16.96653657	0
52	36.60495037	0.878518809	8.134433417	8.134433417	3.660495037	4.026544541	4.026544541	4.026544541	7.320990075	7.320990075	7.320990075	0	7.320990075	2.033608354	0	3.660495037	4.067216708	6.914268404	6.914268404	6.914268404	2.847051696	0.732099007	0	4.026544541	0	7.320990075	3.221235633	7.320990075	8.642835505	8.642835505	17.28567101	0
53	37.29347629	0.895043431	8.287439176	8.287439176	3.729347629	4.102282392	4.102282392	4.102282392	7.458695259	7.458695259	7.458695259	0	7.458695259	2.071859794	0	3.729347629	4.143719588	7.0443233	7.0443233	7.0443233	2.900603712	0.745869526	0	4.102282392	0	7.458695259	3.281825914	7.458695259	8.805404125	8.805404125	17.61080825	0
54	37.99495314	0.911878875	8.443322919	8.443322919	3.799495314	4.179444845	4.179444845	4.179444845	7.598990627	7.598990627	7.598990627	0	7.598990627	2.11083073	0	3.799495314	4.22166146	7.176824481	7.176824481	7.176824481	2.955163022	0.759899063	0	4.179444845	0	7.598990627	3.343555876	7.598990627	8.971030602	8.971030602	17.9420612	0
55	38.70962451	0.929030988	8.602138779	8.602138779	3.870962451	4.258058696	4.258058696	4.258058696	7.741924901	7.741924901	7.741924901	0	7.741924901	2.150534695	0	3.870962451	4.30106939	7.311817962	7.311817962	7.311817962	3.010748573	0.77419249	0	4.258058696	0	7.741924901	3.406446956	7.741924901	9.139772453	9.139772453	18.27954491	0
56	39.43773859	0.946505726	8.763941908	8.763941908	3.943773859	4.338151244	4.338151244	4.338151244	7.887547717	7.887547717	7.887547717	0	7.887547717	2.190985477	0	3.943773859	4.381970954	7.449350622	7.449350622	7.449350622	3.067379668	0.788754772	0	4.338151244	0	7.887547717	3.470520996	7.887547717	9.311688277	9.311688277	18.62337655	0
57	40.17954823	0.964309158	8.928788495	8.928788495	4.017954823	4.419750305	4.419750305	4.419750305	8.035909646	8.035909646	8.035909646	0	8.035909646	2.232197124	0	4.017954823	4.464394248	7.589470221	7.589470221	7.589470221	3.125075973	0.803590965	0	4.419750305	0	8.035909646	3.535800244	8.035909646	9.486837776	9.486837776	18.97367555	0
58	40.93531104	0.982447465	9.096735788	9.096735788	4.093531104	4.502884215	4.502884215	4.502884215	8.187062209	8.187062209	8.187062209	0	8.187062209	2.274183947	0	4.093531104	4.548367894	7.73222542	7.73222542	7.73222542	3.183857526	0.818706221	0	4.502884215	0	8.187062209	3.602307372	8.187062209	9.665281774	9.665281774	19.33056355	0
59	41.70528949	1.000926948	9.267842108	9.267842108	4.170528949	4.587581843	4.587581843	4.587581843	8.341057897	8.341057897	8.341057897	0	8.341057897	2.316960527	0	4.170528949	4.633921054	7.877665792	7.877665792	7.877665792	3.243744738	0.83410579	0	4.587581843	0	8.341057897	3.670065475	8.341057897	9.84708224	9.84708224	19.69416448	0
60	42.48975094	1.019754023	9.442166877	9.442166877	4.248975094	4.673872604	4.673872604	4.673872604	8.497950189	8.497950189	8.497950189	0	8.497950189	2.360541719	0	4.248975094	4.721083438	8.025841845	8.025841845	8.025841845	3.304758407	0.849795019	0	4.673872604	0	8.497950189	3.739098083	8.497950189	10.03230231	10.03230231	20.06460461	0
61	43.04770765	1.033144984	9.566157257	9.566157257	4.304770765	4.735247842	4.735247842	4.735247842	8.609541531	8.609541531	8.609541531	0	8.609541531	2.391539314	0	4.304770765	4.783078628	8.131233668	8.131233668	8.131233668	3.34815504	0.860954153	0	4.735247842	0	8.609541531	3.788198274	8.609541531	10.16404209	10.16404209	20.32808417	0
62	43.61615933	1.046787824	9.692479851	9.692479851	4.361615933	4.797777526	4.797777526	4.797777526	8.723231866	8.723231866	8.723231866	0	8.723231866	2.423119963	0	4.361615933	4.846239926	8.238607873	8.238607873	8.238607873	3.392367948	0.872323187	0	4.797777526	0	8.723231866	3.838222021	8.723231866	10.29825984	10.29825984	20.59651968	0
63	44.19530338	1.060687281	9.821178528	9.821178528	4.419530338	4.861483371	4.861483371	4.861483371	8.839060675	8.839060675	8.839060675	0	8.839060675	2.455294632	0	4.419530338	4.910589264	8.348001749	8.348001749	8.348001749	3.437412485	0.883906068	0	4.861483371	0	8.839060675	3.889186697	8.839060675	10.43500219	10.43500219	20.87000437	0
64	44.78534091	1.074848182	9.952297981	9.952297981	4.478534091	4.9263875	4.9263875	4.9263875	8.957068182	8.957068182	8.957068182	0	8.957068182	2.488074495	0	4.478534091	4.97614899	8.459453283	8.459453283	8.459453283	3.483304293	0.895706818	0	4.9263875	0	8.957068182	3.94111	8.957068182	10.5743166	10.5743166	21.14863321	0
65	45.38647684	1.089275444	10.08588374	10.08588374	4.538647684	4.992512453	4.992512453	4.992512453	9.077295368	9.077295368	9.077295368	0	9.077295368	2.521470936	0	4.538647684	5.042941871	8.573001181	8.573001181	8.573001181	3.53005931	0.907729537	0	4.992512453	0	9.077295368	3.994009962	9.077295368	10.71625148	10.71625148	21.43250295	0
66	45.99891992	1.103974078	10.2219822	10.2219822	4.599891992	5.059881191	5.059881191	5.059881191	9.199783984	9.199783984	9.199783984	0	9.199783984	2.555495551	0	4.599891992	5.110991102	8.688684874	8.688684874	8.688684874	3.577693772	0.919978398	0	5.059881191	0	9.199783984	4.047904953	9.199783984	10.86085609	10.86085609	21.72171219	0
67	46.62288284	1.118949188	10.36064063	10.36064063	4.662288284	5.128517112	5.128517112	5.128517112	9.324576567	9.324576567	9.324576567	0	9.324576567	2.590160158	0	4.662288284	5.180320315	8.806544536	8.806544536	8.806544536	3.626224221	0.932457657	0	5.128517112	0	9.324576567	4.10281369	9.324576567	11.00818067	11.00818067	22.01636134	0
68	47.25858227	1.134205974	10.50190717	10.50190717	4.725858227	5.198444049	5.198444049	5.198444049	9.451716453	9.451716453	9.451716453	0	9.451716453	2.625476793	0	4.725858227	5.250953585	8.926621095	8.926621095	8.926621095	3.67566751	0.945171645	0	5.198444049	0	9.451716453	4.15875524	9.451716453	11.15827637	11.15827637	22.31655274	0
69	47.90623898	1.149749735	10.64583088	10.64583088	4.790623898	5.269686287	5.269686287	5.269686287	9.581247795	9.581247795	9.581247795	0	9.581247795	2.661457721	0	4.790623898	5.322915442	9.048956251	9.048956251	9.048956251	3.726040809	0.95812478	0	5.269686287	0	9.581247795	4.21574903	9.581247795	11.31119531	11.31119531	22.62239063	0
70	48.56607787	1.165585869	10.79246175	10.79246175	4.856607787	5.342268566	5.342268566	5.342268566	9.713215574	9.713215574	9.713215574	0	9.713215574	2.698115437	0	4.856607787	5.396230875	9.173592487	9.173592487	9.173592487	3.777361612	0.971321557	0	5.342268566	0	9.713215574	4.273814853	9.713215574	11.46699061	11.46699061	22.93398122	0
71	49.2383281	1.181719874	10.94185069	10.94185069	4.92383281	5.416216091	5.416216091	5.416216091	9.84766562	9.84766562	9.84766562	0	9.84766562	2.735462672	0	4.92383281	5.470925345	9.300573086	9.300573086	9.300573086	3.829647741	0.984766562	0	5.416216091	0	9.84766562	4.332972873	9.84766562	11.62571636	11.62571636	23.25143271	0
72	49.92322311	1.198157355	11.09404958	11.09404958	4.992322311	5.491554543	5.491554543	5.491554543	9.984644623	9.984644623	9.984644623	0	9.984644623	2.773512395	0	4.992322311	5.547024791	9.429942144	9.429942144	9.429942144	3.882917353	0.998464462	0	5.491554543	0	9.984644623	4.393243634	9.984644623	11.78742768	11.78742768	23.57485536	0
73	50.62100076	1.214904018	11.24911128	11.24911128	5.062100076	5.568310083	5.568310083	5.568310083	10.12420015	10.12420015	10.12420015	0	10.12420015	2.81227782	0	5.062100076	5.62455564	9.561744587	9.561744587	9.561744587	3.937188948	1.012420015	0	5.568310083	0	10.12420015	4.454648067	10.12420015	11.95218073	11.95218073	23.90436147	0
74	51.33190334	1.23196568	11.40708963	11.40708963	5.133190334	5.646509368	5.646509368	5.646509368	10.26638067	10.26638067	10.26638067	0	10.26638067	2.851772408	0	5.133190334	5.703544816	9.696026187	9.696026187	9.696026187	3.992481371	1.026638067	0	5.646509368	0	10.26638067	4.517207494	10.26638067	12.12003273	12.12003273	24.24006547	0
75	52.05617775	1.249348266	11.5680395	11.5680395	5.205617775	5.726179553	5.726179553	5.726179553	10.41123555	10.41123555	10.41123555	0	10.41123555	2.892009875	0	5.205617775	5.78401975	9.832833576	9.832833576	9.832833576	4.048813825	1.041123555	0	5.726179553	0	10.41123555	4.580943642	10.41123555	12.29104197	12.29104197	24.58208394	0
76	52.7940755	1.267057812	11.73201678	11.73201678	5.27940755	5.807348305	5.807348305	5.807348305	10.5588151	10.5588151	10.5588151	0	10.5588151	2.933004195	0	5.27940755	5.866008389	9.972214262	9.972214262	9.972214262	4.106205872	1.05588151	0	5.807348305	0	10.5588151	4.645878644	10.5588151	12.46526783	12.46526783	24.93053565	0
77	53.54585284	1.285100468	11.89907841	11.89907841	5.354585284	5.890043813	5.890043813	5.890043813	10.70917057	10.70917057	10.70917057	0	10.70917057	2.974769602	0	5.354585284	5.949539205	10.11421665	10.11421665	10.11421665	4.164677443	1.070917057	0	5.890043813	0	10.70917057	4.71203505	10.70917057	12.64277081	12.64277081	25.28554162	0
78	54.31177084	1.3034825	12.06928241	12.06928241	5.431177084	5.974294793	5.974294793	5.974294793	10.86235417	10.86235417	10.86235417	0	10.86235417	3.017320602	0	5.431177084	6.034641205	10.25889005	10.25889005	10.25889005	4.224248843	1.086235417	0	5.974294793	0	10.86235417	4.779435834	10.86235417	12.82361256	12.82361256	25.64722512	0
79	55.09209549	1.322210292	12.24268789	12.24268789	5.509209549	6.060130503	6.060130503	6.060130503	11.0184191	11.0184191	11.0184191	0	11.0184191	3.060671971	0	5.509209549	6.121343943	10.4062847	10.4062847	10.4062847	4.28494076	1.10184191	0	6.060130503	0	11.0184191	4.848104403	11.0184191	13.00785588	13.00785588	26.01571176	0
80	55.88709775	1.341290346	12.41935506	12.41935506	5.588709775	6.147580753	6.147580753	6.147580753	11.17741955	11.17741955	11.17741955	0	11.17741955	3.104838764	0	5.588709775	6.209677528	10.5564518	10.5564518	10.5564518	4.34677427	1.117741955	0	6.147580753	0	11.17741955	4.918064602	11.17741955	13.19556475	13.19556475	26.39112949	0
81	56.69705373	1.360729289	12.59934527	12.59934527	5.669705373	6.23667591	6.23667591	6.23667591	11.33941075	11.33941075	11.33941075	0	11.33941075	3.149836318	0	5.669705373	6.299672636	10.70944348	10.70944348	10.70944348	4.409770845	1.133941075	0	6.23667591	0	11.33941075	4.989340728	11.33941075	13.38680435	13.38680435	26.7736087	0
82	57.52224468	1.380533872	12.78272104	12.78272104	5.752224468	6.327446915	6.327446915	6.327446915	11.50444894	11.50444894	11.50444894	0	11.50444894	3.19568026	0	5.752224468	6.39136052	10.86531288	10.86531288	10.86531288	4.473952364	1.150444894	0	6.327446915	0	11.50444894	5.061957532	11.50444894	13.5816411	13.5816411	27.16328221	0
83	58.36295718	1.400710972	12.96954604	12.96954604	5.836295718	6.419925289	6.419925289	6.419925289	11.67259144	11.67259144	11.67259144	0	11.67259144	3.24238651	0	5.836295718	6.48477302	11.02411413	11.02411413	11.02411413	4.539341114	1.167259144	0	6.419925289	0	11.67259144	5.135940232	11.67259144	13.78014267	13.78014267	27.56028533	0
84	59.21948317	1.421267596	13.15988515	13.15988515	5.921948317	6.514143149	6.514143149	6.514143149	11.84389663	11.84389663	11.84389663	0	11.84389663	3.289971287	0	5.921948317	6.579942575	11.18590238	11.18590238	11.18590238	4.605959802	1.184389663	0	6.514143149	0	11.84389663	5.211314519	11.84389663	13.98237797	13.98237797	27.96475594	0
85	60.09212012	1.442210883	13.35380447	13.35380447	6.009212012	6.610133213	6.610133213	6.610133213	12.01842402	12.01842402	12.01842402	0	12.01842402	3.338451118	0	6.009212012	6.676902235	11.3507338	11.3507338	11.3507338	4.673831565	1.201842402	0	6.610133213	0	12.01842402	5.28810657	12.01842402	14.18841725	14.18841725	28.3768345	0
86	60.98117104	1.463548105	13.55137134	13.55137134	6.098117104	6.707928815	6.707928815	6.707928815	12.19623421	12.19623421	12.19623421	0	12.19623421	3.387842836	0	6.098117104	6.775685671	11.51866564	11.51866564	11.51866564	4.74297997	1.219623421	0	6.707928815	0	12.19623421	5.366343052	12.19623421	14.39833205	14.39833205	28.7966641	0
87	61.8869447	1.485286673	13.75265438	13.75265438	6.18869447	6.807563917	6.807563917	6.807563917	12.37738894	12.37738894	12.37738894	0	12.37738894	3.438163594	0	6.18869447	6.876327189	11.68975622	11.68975622	11.68975622	4.813429032	1.237738894	0	6.807563917	0	12.37738894	5.446051133	12.37738894	14.61219528	14.61219528	29.22439055	0
88	62.80975563	1.507434135	13.95772347	13.95772347	6.280975563	6.909073119	6.909073119	6.909073119	12.56195113	12.56195113	12.56195113	0	12.56195113	3.489430868	0	6.280975563	6.978861737	11.86406495	11.86406495	11.86406495	4.885203216	1.256195113	0	6.909073119	0	12.56195113	5.527258495	12.56195113	14.83008119	14.83008119	29.66016238	0
89	63.7499243	1.529998183	14.16664984	14.16664984	6.37499243	7.012491673	7.012491673	7.012491673	12.74998486	12.74998486	12.74998486	0	12.74998486	3.541662461	0	6.37499243	7.083324922	12.04165237	12.04165237	12.04165237	4.958327446	1.274998486	0	7.012491673	0	12.74998486	5.609993339	12.74998486	15.05206546	15.05206546	30.10413092	0
90	64.70777721	1.552986653	14.37950605	14.37950605	6.470777721	7.117855493	7.117855493	7.117855493	12.94155544	12.94155544	12.94155544	0	12.94155544	3.594876512	0	6.470777721	7.189753023	12.22258014	12.22258014	12.22258014	5.032827116	1.294155544	0	7.117855493	0	12.94155544	5.694284394	12.94155544	15.27822517	15.27822517	30.55645035	0
91	65.68364698	1.576407528	14.596366	14.596366	6.568364698	7.225201168	7.225201168	7.225201168	13.1367294	13.1367294	13.1367294	0	13.1367294	3.649091499	0	6.568364698	7.298182998	12.4069111	12.4069111	12.4069111	5.108728099	1.31367294	0	7.225201168	0	13.1367294	5.780160934	13.1367294	15.50863887	15.50863887	31.01727774	0
92	66.67787251	1.60026894	14.817305	14.817305	6.667787251	7.334565976	7.334565976	7.334565976	13.3355745	13.3355745	13.3355745	0	13.3355745	3.704326251	0	6.667787251	7.408652502	12.59470925	12.59470925	12.59470925	5.186056751	1.33355745	0	7.334565976	0	13.3355745	5.867652781	13.3355745	15.74338657	15.74338657	31.48677313	0
93	67.69079907	1.624579178	15.04239979	15.04239979	6.769079907	7.445987898	7.445987898	7.445987898	13.53815981	13.53815981	13.53815981	0	13.53815981	3.760599948	0	6.769079907	7.521199897	12.78603982	12.78603982	12.78603982	5.264839928	1.353815981	0	7.445987898	0	13.53815981	5.956790318	13.53815981	15.98254978	15.98254978	31.96509956	0
94	68.72277841	1.649346682	15.27172854	15.27172854	6.872277841	7.559505625	7.559505625	7.559505625	13.74455568	13.74455568	13.74455568	0	13.74455568	3.817932134	0	6.872277841	7.635864268	12.98096926	12.98096926	12.98096926	5.345104987	1.374455568	0	7.559505625	0	13.74455568	6.0476045	13.74455568	16.22621157	16.22621157	32.45242314	0
95	69.77416891	1.674580054	15.50537087	15.50537087	6.977416891	7.67515858	7.67515858	7.67515858	13.95483378	13.95483378	13.95483378	0	13.95483378	3.876342717	0	6.977416891	7.752685434	13.17956524	13.17956524	13.17956524	5.426879804	1.395483378	0	7.67515858	0	13.95483378	6.140126864	13.95483378	16.47445655	16.47445655	32.9489131	0
96	70.84533568	1.700288056	15.74340793	15.74340793	7.084533568	7.792986925	7.792986925	7.792986925	14.16906714	14.16906714	14.16906714	0	14.16906714	3.935851982	0	7.084533568	7.871703965	13.38189674	13.38189674	13.38189674	5.510192775	1.416906714	0	7.792986925	0	14.16906714	6.23438954	14.16906714	16.72737092	16.72737092	33.45474185	0
97	71.93665072	1.726479617	15.98592238	15.98592238	7.193665072	7.913031579	7.913031579	7.913031579	14.38733014	14.38733014	14.38733014	0	14.38733014	3.996480595	0	7.193665072	7.992961191	13.58803402	13.58803402	13.58803402	5.595072834	1.438733014	0	7.913031579	0	14.38733014	6.330425263	14.38733014	16.98504253	16.98504253	33.97008506	0
98	73.048493	1.753163832	16.23299844	16.23299844	7.3048493	8.03533423	8.03533423	8.03533423	14.6096986	14.6096986	14.6096986	0	14.6096986	4.058249611	0	7.3048493	8.116499222	13.79804868	13.79804868	13.79804868	5.681549455	1.46096986	0	8.03533423	0	14.6096986	6.428267384	14.6096986	17.24756085	17.24756085	34.49512169	0
99	74.18124863	1.780349967	16.48472192	16.48472192	7.418124863	8.159937349	8.159937349	8.159937349	14.83624973	14.83624973	14.83624973	0	14.83624973	4.121180479	0	7.418124863	8.242360958	14.01201363	14.01201363	14.01201363	5.769652671	1.483624973	0	8.159937349	0	14.83624973	6.527949879	14.83624973	17.51501704	17.51501704	35.03003407	0
100	75.33531098	1.808047464	16.74118022	16.74118022	7.533531098	8.286884208	8.286884208	8.286884208	15.0670622	15.0670622	15.0670622	0	15.0670622	4.185295055	0	7.533531098	8.370590109	14.23000319	14.23000319	14.23000319	5.859413076	1.50670622	0	8.286884208	0	15.0670622	6.629507366	15.0670622	17.78750398	17.78750398	35.57500796	0
101	76.51108083	1.83626594	17.00246241	17.00246241	7.651108083	8.416218892	8.416218892	8.416218892	15.30221617	15.30221617	15.30221617	0	15.30221617	4.250615602	0	7.651108083	8.501231204	14.45209305	14.45209305	14.45209305	5.950861843	1.530221617	0	8.416218892	0	15.30221617	6.732975113	15.30221617	18.06511631	18.06511631	36.13023262	0
102	77.70896649	1.865015196	17.26865922	17.26865922	7.770896649	8.547986314	8.547986314	8.547986314	15.5417933	15.5417933	15.5417933	0	15.5417933	4.317164805	0	7.770896649	8.63432961	14.67836034	14.67836034	14.67836034	6.044030727	1.55417933	0	8.547986314	0	15.5417933	6.838389051	15.5417933	18.34795042	18.34795042	36.69590084	0
103	78.92938395	1.894305215	17.5398631	17.5398631	7.892938395	8.682232234	8.682232234	8.682232234	15.78587679	15.78587679	15.78587679	0	15.78587679	4.384965775	0	7.892938395	8.76993155	14.90888363	14.90888363	14.90888363	6.138952085	1.578587679	0	8.682232234	0	15.78587679	6.945785788	15.78587679	18.63610454	18.63610454	37.27220909	0
104	80.17275702	1.924146168	17.81616823	17.81616823	8.017275702	8.819003272	8.819003272	8.819003272	16.0345514	16.0345514	16.0345514	0	16.0345514	4.454042057	0	8.017275702	8.908084113	15.14374299	15.14374299	15.14374299	6.235658879	1.60345514	0	8.819003272	0	16.0345514	7.055202618	16.0345514	18.92967874	18.92967874	37.85935748	0
105	81.43951749	1.95454842	18.09767055	18.09767055	8.143951749	8.958346923	8.958346923	8.958346923	16.2879035	16.2879035	16.2879035	0	16.2879035	4.524417638	0	8.143951749	9.048835276	15.38301997	15.38301997	15.38301997	6.334184693	1.62879035	0	8.958346923	0	16.2879035	7.166677539	16.2879035	19.22877496	19.22877496	38.45754992	0
106	82.73010526	1.985522526	18.38446784	18.38446784	8.273010526	9.100311579	9.100311579	9.100311579	16.54602105	16.54602105	16.54602105	0	16.54602105	4.596116959	0	8.273010526	9.192233918	15.62679766	15.62679766	15.62679766	6.434563743	1.654602105	0	9.100311579	0	16.54602105	7.280249263	16.54602105	19.53349708	19.53349708	39.06699415	0
107	84.04496853	2.017079245	18.67665967	18.67665967	8.404496853	9.244946538	9.244946538	9.244946538	16.80899371	16.80899371	16.80899371	0	16.80899371	4.669164918	0	8.404496853	9.338329836	15.87516072	15.87516072	15.87516072	6.536830886	1.680899371	0	9.244946538	0	16.80899371	7.39595723	16.80899371	19.8439509	19.8439509	39.6879018	0
108	85.3845639	2.049229534	18.97434753	18.97434753	8.53845639	9.392302029	9.392302029	9.392302029	17.07691278	17.07691278	17.07691278	0	17.07691278	4.743586883	0	8.53845639	9.487173767	16.1281954	16.1281954	16.1281954	6.641021637	1.707691278	0	9.392302029	0	17.07691278	7.513841623	17.07691278	20.16024425	20.16024425	40.32048851	0
109	86.74935657	2.081984558	19.27763479	19.27763479	8.674935657	9.542429223	9.542429223	9.542429223	17.34987131	17.34987131	17.34987131	0	17.34987131	4.819408699	0	8.674935657	9.638817397	16.38598958	16.38598958	16.38598958	6.747172178	1.734987131	0	9.542429223	0	17.34987131	7.633943379	17.34987131	20.48248697	20.48248697	40.96497394	0
110	88.11414925	2.114739582	19.58092206	19.58092206	8.811414925	9.692556418	9.692556418	9.692556418	17.62282985	17.62282985	17.62282985	0	17.62282985	4.895230514	0	8.811414925	9.790461028	16.64378375	16.64378375	16.64378375	6.85332272	1.762282985	0	9.692556418	0	17.62282985	7.754045134	17.62282985	20.80472968	20.80472968	41.60945937	0
111	101.0225599	2.424541439	22.44945777	22.44945777	10.10225599	11.11248159	11.11248159	11.11248159	20.20451199	20.20451199	20.20451199	0	20.20451199	5.612364441	0	10.10225599	11.22472888	19.0820391	19.0820391	19.0820391	7.857310218	2.020451199	0	11.11248159	0	20.20451199	8.889985275	20.20451199	23.85254888	23.85254888	47.70509775	0
112	115.8220071	2.77972817	25.73822379	25.73822379	11.58220071	12.74042078	12.74042078	12.74042078	23.16440142	23.16440142	23.16440142	0	23.16440142	6.434555949	0	11.58220071	12.8691119	21.87749023	21.87749023	21.87749023	9.008378328	2.316440142	0	12.74042078	0	23.16440142	10.19233662	23.16440142	27.34686278	27.34686278	54.69372556	0
113	132.7895208	3.186948499	29.5087824	29.5087824	13.27895208	14.60684729	14.60684729	14.60684729	26.55790416	26.55790416	26.55790416	0	26.55790416	7.377195599	0	13.27895208	14.7543912	25.08246504	25.08246504	25.08246504	10.32807384	2.655790416	0	14.60684729	0	26.55790416	11.68547783	26.55790416	31.35308129	31.35308129	62.70616259	0
114	152.2427151	3.653825163	33.83171447	33.83171447	15.22427151	16.74669866	16.74669866	16.74669866	30.44854303	30.44854303	30.44854303	0	30.44854303	8.457928618	0	15.22427151	16.91585724	28.7569573	28.7569573	28.7569573	11.84110007	3.044854303	0	16.74669866	0	30.44854303	13.39735893	30.44854303	35.94619663	35.94619663	71.89239325	0
115	174.5457335	4.189097605	38.78794078	38.78794078	17.45457335	19.20003069	19.20003069	19.20003069	34.90914671	34.90914671	34.90914671	0	34.90914671	9.696985196	0	17.45457335	19.39397039	32.96974967	32.96974967	32.96974967	13.57577927	3.490914671	0	19.20003069	0	34.90914671	15.36002455	34.90914671	41.21218708	41.21218708	82.42437417	0
116	200.1160651	4.802785563	44.47023669	44.47023669	20.01160651	22.01276716	22.01276716	22.01276716	40.02321302	40.02321302	40.02321302	0	40.02321302	11.11755917	0	20.01160651	22.23511835	37.79970119	37.79970119	37.79970119	15.56458284	4.002321302	0	22.01276716	0	40.02321302	17.61021373	40.02321302	47.24962648	47.24962648	94.49925297	0
117	229.4323597	5.506376632	50.98496882	50.98496882	22.94323597	25.23755956	25.23755956	25.23755956	45.88647194	45.88647194	45.88647194	0	45.88647194	12.7462422	0	22.94323597	25.49248441	43.33722349	43.33722349	43.33722349	17.84473909	4.588647194	0	25.23755956	0	45.88647194	20.19004765	45.88647194	54.17152937	54.17152937	108.3430587	0
118	263.0433875	6.313041301	58.45408612	58.45408612	26.30433875	28.93477263	28.93477263	28.93477263	52.60867751	52.60867751	52.60867751	0	52.60867751	14.61352153	0	26.30433875	29.22704306	49.6859732	49.6859732	49.6859732	20.45893014	5.260867751	0	28.93477263	0	52.60867751	23.1478181	52.60867751	62.1074665	62.1074665	124.214933	0
119	301.5783119	7.237879486	67.01740264	67.01740264	30.15783119	33.17361431	33.17361431	33.17361431	60.31566238	60.31566238	60.31566238	0	60.31566238	16.75435066	0	30.15783119	33.50870132	56.96479225	56.96479225	56.96479225	23.45609093	6.031566238	0	33.17361431	0	60.31566238	26.53889145	60.31566238	71.20599031	71.20599031	142.4119806	0
120	360	8.64	80	80	36	39.6	39.6	39.6	72	72	72	0	72	20	0	36	40	68	68	68	28	7.2	0	39.6	0	72	31.68	72	85	85	170	0
121	360	8.64	80	80	36	39.6	39.6	39.6	72	72	72	0	72	20	0	36	40	68	68	68	28	7.2	0	39.6	0	72	31.68	72	85	85	170	0
122	360	8.64	80	80	36	39.6	39.6	39.6	72	72	72	0	72	20	0	36	40	68	68	68	28	7.2	0	39.6	0	72	31.68	72	85	85	170	0
123	360	8.64	80	80	36	39.6	39.6	39.6	72	72	72	0	72	20	0	36	40	68	68	68	28	7.2	0	39.6	0	72	31.68	72	85	85	170	0
